MongoDB shell version: 2.6.1
connecting to: test
connecting to: localhost:27018/logs
1, 
2, 26799
3, 19385
4, 17412
5, 25095
6, 27785
7, 26694
8, 20212
9, 29679
10, 29676
11, 27528
12, 22317
13, 21869
14, 21397
15, 22616
16, 23920
17, 19750
18, 20021
19, 21794
20, 21230
21, 20356
22, 25131
23, 27727
24, 18158
25, 23735
26, 19881
27, 20924
28, 24288
29, 20373
30, 23265
31, 17840
32, 25628
33, 22928
34, 22255
35, 25220
36, 23903
37, 29727
38, 27524
39, 24501
40, 22499
41, 26048
42, 24073
43, 25016
44, 22971
45, 22215
46, 19529
47, 25450
48, 32856
49, 25050
50, 22987
51, 21457
52, 25132
53, 20483
54, 21659
55, 28958
56, 21627
57, 19961
58, 27937
59, 21093
60, 33888
61, 28144
62, 30260
63, 23105
64, 24361
65, 35048
66, 32019
67, 27733
68, 33067
69, 24216
70, 19651
71, 17920
72, 17372
73, 17592
74, 21289
75, 21833
76, 17175
77, 23448
78, 25160
79, 16394
80, 24552
81, 27449
82, 20169
83, 15923
84, 17003
85, 26824
86, 21618
87, 38583
88, 21074
89, 25064
90, 23268
91, 27879
92, 29169
93, 19879
94, 22910
95, 27304
96, 18421
97, 24020
98, 20615
99, 21547
100, 25510
101, 26870
102, 23217
103, 20168
104, 26425
105, 22644
106, 25462
107, 23165
108, 17417
109, 21508
110, 24060
111, 29763
112, 26721
113, 22476
114, 20863
115, 27623
116, 20774
117, 20493
118, 27476
119, 19889
120, 20017
121, 23121
122, 23863
123, 22347
124, 16029
125, 22168
126, 28310
127, 24252
128, 31009
129, 24076
130, 21209
131, 26794
132, 22173
133, 30041
134, 24517
135, 25161
136, 19058
137, 33419
138, 36466
139, 32813
140, 23558
141, 21647
142, 25439
143, 26991
144, 28653
145, 22240
146, 17638
147, 27030
148, 29965
149, 32424
150, 27277
151, 27780
152, 22165
153, 28877
154, 19683
155, 26922
156, 31868
157, 44684
158, 28952
159, 23483
160, 28540
161, 23519
162, 27036
163, 26264
164, 21959
165, 27647
166, 32458
167, 30760
168, 30331
169, 24888
170, 28185
171, 25812
172, 24511
173, 21654
174, 25935
175, 24613
176, 24758
177, 23351
178, 30441
179, 24634
180, 26985
181, 25354
182, 31891
183, 37383
184, 40146
185, 30078
186, 27368
187, 29947
188, 20361
189, 26736
190, 25607
191, 23114
192, 33332
193, 23466
194, 31592
195, 23795
196, 37577
197, 31586
198, 30500
199, 25253
200, 22650
201, 22981
202, 23920
203, 27427
204, 24174
205, 25457
206, 24866
207, 21664
208, 26266
209, 24846
210, 19422
211, 23560
212, 28948
213, 33627
214, 26619
215, 24308
216, 26000
217, 24125
218, 24331
219, 20833
220, 25718
221, 30177
222, 25083
223, 23905
224, 21281
225, 25622
226, 23185
227, 32696
228, 24598
229, 23407
230, 23245
231, 21704
232, 29589
233, 20946
234, 23129
235, 27946
236, 28780
237, 30574
238, 22868
239, 21085
240, 28782
241, 35076
242, 36217
243, 26493
244, 25410
245, 27573
246, 25367
247, 27726
248, 26045
249, 19931
250, 32392
251, 20839
252, 27611
253, 24509
254, 31703
255, 21633
256, 24600
257, 23353
258, 30966
259, 29536
260, 31836
261, 35513
262, 30525
263, 21441
264, 21541
265, 29754
266, 33761
267, 28609
268, 28737
269, 26681
270, 41139
271, 33500
272, 19800
273, 30784
274, 35604
275, 29190
276, 30693
277, 29440
278, 28309
279, 28681
280, 35127
281, 31649
282, 24278
283, 26364
284, 24982
285, 23654
286, 24787
287, 21309
288, 25819
289, 26006
290, 22326
291, 29851
292, 23557
293, 25187
294, 28904
295, 23756
296, 27157
297, 31269
298, 24269
299, 27773
300, 24289
301, 23547
302, 28033
303, 24825
304, 26557
305, 25488
306, 17547
307, 29649
308, 40349
309, 28164
310, 30381
311, 19243
312, 29869
313, 25323
314, 27217
315, 23234
316, 24779
317, 23537
318, 27320
319, 25802
320, 25195
321, 24758
322, 29454
323, 25076
324, 25431
325, 28345
326, 40345
327, 23505
328, 22423
329, 26689
330, 36047
331, 35867
332, 26408
333, 35714
334, 33984
335, 25064
336, 25993
337, 22753
338, 28127
339, 24280
340, 28194
341, 28934
342, 27085
343, 28390
344, 20390
345, 26958
346, 22864
347, 23846
348, 26433
349, 31882
350, 24476
351, 20148
352, 23714
353, 27167
354, 27261
355, 23091
356, 35972
357, 25308
358, 27618
359, 37433
360, 24087
361, 19950
362, 27689
363, 22224
364, 25532
365, 26646
366, 25112
367, 21554
368, 26147
369, 25764
370, 23547
371, 27905
372, 28585
373, 36289
374, 25176
375, 28769
376, 23745
377, 28091
378, 21528
379, 24375
380, 28689
381, 28617
382, 25677
383, 23615
384, 21629
385, 30355
386, 23725
387, 28465
388, 20960
389, 27971
390, 24818
391, 27051
392, 26161
393, 23271
394, 30445
395, 25499
396, 31454
397, 25333
398, 25774
399, 22786
400, 30237
401, 24911
402, 24979
403, 25197
404, 33249
405, 32972
406, 32006
407, 22651
408, 28928
409, 25548
410, 30806
411, 23259
412, 22102
413, 22874
414, 28452
415, 26163
416, 23379
417, 22398
418, 29388
419, 30159
420, 41137
421, 28975
422, 26875
423, 27912
424, 22306
425, 25533
426, 23229
427, 23812
428, 23170
429, 26598
430, 28260
431, 25812
432, 21312
433, 22810
434, 27857
435, 23644
436, 40887
437, 25866
438, 24239
439, 27034
440, 24533
441, 24227
442, 31499
443, 29236
444, 23303
445, 25207
446, 22765
447, 25074
448, 24568
449, 23905
450, 24173
451, 28470
452, 24591
453, 24581
454, 27268
455, 23882
456, 23856
457, 21598
458, 24030
459, 23864
460, 27463
461, 27836
462, 22331
463, 24948
464, 29179
465, 25535
466, 21524
467, 33119
468, 32036
469, 27675
470, 30501
471, 28580
472, 38847
473, 23398
474, 20807
475, 27592
476, 36366
477, 31149
478, 27637
479, 23312
480, 24791
481, 25545
482, 32832
483, 46724
484, 26926
485, 25058
486, 27006
487, 24121
488, 25676
489, 22764
490, 25705
491, 26856
492, 24834
493, 21059
494, 27372
495, 28597
496, 32754
497, 31857
498, 20647
499, 26691
500, 23624
501, 23859
502, 23677
503, 30133
504, 27183
505, 23386
506, 28278
507, 27102
508, 31705
509, 33186
510, 28022
511, 26701
512, 25607
513, 28851
514, 23241
515, 27328
516, 30073
517, 24311
518, 25631
519, 26923
520, 37330
521, 28252
522, 23487
523, 24032
524, 24934
525, 25103
526, 29154
527, 24703
528, 22185
529, 26625
530, 29151
531, 31723
532, 25276
533, 25662
534, 18945
535, 28079
536, 27268
537, 25501
538, 16562
539, 27902
540, 26132
541, 26479
542, 25723
543, 21011
544, 22391
545, 24309
546, 24980
547, 27867
548, 28447
549, 25738
550, 28198
551, 26808
552, 27068
553, 21522
554, 27290
555, 25371
556, 32420
557, 36903
558, 30542
559, 23310
560, 30122
561, 25199
562, 29067
563, 25991
564, 26419
565, 22500
566, 22402
567, 28369
568, 28446
569, 26048
570, 26346
571, 24877
572, 22401
573, 25217
574, 33381
575, 34158
576, 28063
577, 30256
578, 29164
579, 22700
580, 25710
581, 21811
582, 27351
583, 17874
584, 27913
585, 22024
586, 26132
587, 25330
588, 25912
589, 24866
590, 27003
591, 24847
592, 25465
593, 28022
594, 27698
595, 30497
596, 29042
597, 31432
598, 27731
599, 25656
600, 27251
601, 23925
602, 28437
603, 25422
604, 24682
605, 26752
606, 27164
607, 22848
608, 23990
609, 17897
610, 28586
611, 27311
612, 28388
613, 18963
614, 29496
615, 29849
616, 35027
617, 27333
618, 27199
619, 32382
620, 36107
621, 26981
622, 21163
623, 26967
624, 26032
625, 23232
626, 19257
627, 32356
628, 27375
629, 25463
630, 26012
631, 22061
632, 25763
633, 27984
634, 34760
635, 32717
636, 26784
637, 29435
638, 30518
639, 28080
640, 21502
641, 24254
642, 26103
643, 33302
644, 24725
645, 25373
646, 25945
647, 30051
648, 24863
649, 26184
650, 20210
651, 25150
652, 30801
653, 24061
654, 22670
655, 19753
656, 28641
657, 28128
658, 28345
659, 28786
660, 28082
661, 27429
662, 27765
663, 21866
664, 27301
665, 29526
666, 27572
667, 19861
668, 26464
669, 31021
670, 26219
671, 24548
672, 26890
673, 29388
674, 22303
675, 27486
676, 33524
677, 23281
678, 23975
679, 22044
680, 28508
681, 33555
682, 36211
683, 32330
684, 28310
685, 28671
686, 22970
687, 25716
688, 22971
689, 27353
690, 25719
691, 24464
692, 24176
693, 24382
694, 24408
695, 25913
696, 30156
697, 21990
698, 25596
699, 26003
700, 36719
701, 45901
702, 26761
703, 31145
704, 25989
705, 30956
706, 33769
707, 31371
708, 23590
709, 28361
710, 30389
711, 23377
712, 26914
713, 31692
714, 26263
715, 33836
716, 23365
717, 46038
718, 29080
719, 26356
720, 32278
721, 27760
722, 28055
723, 27550
724, 27495
725, 19765
726, 29427
727, 42965
728, 26337
729, 31830
730, 22075
731, 27554
732, 27274
733, 27838
734, 25531
735, 27416
736, 32233
737, 23696
738, 23308
739, 23982
740, 38501
741, 32754
742, 30684
743, 27458
744, 29439
745, 27062
746, 24549
747, 25105
748, 29620
749, 29981
750, 23859
751, 31928
752, 25035
753, 24519
754, 21398
755, 25244
756, 27494
757, 20177
758, 28097
759, 29679
760, 31452
761, 33339
762, 22998
763, 25223
764, 24874
765, 23245
766, 23366
767, 24664
768, 17756
769, 25565
770, 25622
771, 24123
772, 30933
773, 26444
774, 33659
775, 34522
776, 28933
777, 29576
778, 23248
779, 24889
780, 27248
781, 26788
782, 27793
783, 22642
784, 29772
785, 43498
786, 32905
787, 23282
788, 29222
789, 31738
790, 31291
791, 28001
792, 23614
793, 26112
794, 24561
795, 39930
796, 25596
797, 31094
798, 28718
799, 25827
800, 26452
801, 20650
802, 24364
803, 21572
804, 24994
805, 22379
806, 28496
807, 24176
808, 29844
809, 27830
810, 26691
811, 25542
812, 24052
813, 31301
814, 28110
815, 26374
816, 27444
817, 24613
818, 33989
819, 43817
820, 20922
821, 25302
822, 28768
823, 28516
824, 28355
825, 18743
826, 30497
827, 24242
828, 28033
829, 30745
830, 28118
831, 26306
832, 23778
833, 25458
834, 28606
835, 28064
836, 30078
837, 28629
838, 29331
839, 32229
840, 22831
841, 28141
842, 28191
843, 38587
844, 30263
845, 23546
846, 28476
847, 32515
848, 34898
849, 25667
850, 21498
851, 23048
852, 29722
853, 30585
854, 29356
855, 24981
856, 26418
857, 24258
858, 25122
859, 29005
860, 24621
861, 33906
862, 37133
863, 20530
864, 26553
865, 23776
866, 24634
867, 25273
868, 29876
869, 39113
870, 36156
871, 29110
872, 24559
873, 26711
874, 32883
875, 30742
876, 25957
877, 23315
878, 21949
879, 27456
880, 25535
881, 27444
882, 21229
883, 27330
884, 25812
885, 23266
886, 25903
887, 23544
888, 29873
889, 29591
890, 25131
891, 24923
892, 20694
893, 25260
894, 25797
895, 25504
896, 28490
897, 26869
898, 30220
899, 23271
900, 31693
901, 23000
902, 35325
903, 21753
904, 29234
905, 26746
906, 23923
907, 23969
908, 31987
909, 22796
910, 22929
911, 24744
912, 26160
913, 22877
914, 23670
915, 28134
916, 25763
917, 29501
918, 37600
919, 22646
920, 24244
921, 30608
922, 24544
923, 27805
924, 27063
925, 26152
926, 27375
927, 22182
928, 26609
929, 27702
930, 32484
931, 31233
932, 33545
933, 34425
934, 28286
935, 23568
936, 24379
937, 24004
938, 28909
939, 24138
940, 21167
941, 33506
942, 33769
943, 32693
944, 27250
945, 22493
946, 24801
947, 25661
948, 25230
949, 23943
950, 28466
951, 29320
952, 26944
953, 28891
954, 26825
955, 22786
956, 26220
957, 26446
958, 25372
959, 26958
960, 19754
961, 32017
962, 29171
963, 27159
964, 30153
965, 25397
966, 27069
967, 25944
968, 26165
969, 24726
970, 23725
971, 28449
972, 29148
973, 26017
974, 29666
975, 30303
976, 31773
977, 28238
978, 32644
979, 31908
980, 36632
981, 30629
982, 34520
983, 30895
984, 22283
985, 26939
986, 24914
987, 29763
988, 24122
989, 31088
990, 27646
991, 20092
992, 28226
993, 31330
994, 30949
995, 30888
996, 25518
997, 26385
998, 24545
999, 28389
1000, 23844
1001, 29259
1002, 27240
1003, 25266
1004, 19321
1005, 25740
1006, 28483
1007, 32385
1008, 27897
1009, 27982
1010, 22191
1011, 25685
1012, 28277
1013, 20574
1014, 30060
1015, 26456
1016, 25119
1017, 24261
1018, 29076
1019, 24705
1020, 21284
1021, 27216
1022, 25280
1023, 25785
1024, 32879
1025, 31397
1026, 25540
1027, 26622
1028, 29356
1029, 26707
1030, 28041
1031, 23152
1032, 36948
1033, 22693
1034, 27221
1035, 29535
1036, 26681
1037, 23501
1038, 25315
1039, 24148
1040, 29832
1041, 21820
1042, 29078
1043, 20879
1044, 28183
1045, 31539
1046, 37328
1047, 35056
1048, 25322
1049, 30523
1050, 34510
1051, 32569
1052, 25588
1053, 23226
1054, 26079
1055, 30270
1056, 23495
1057, 25741
1058, 23100
1059, 23635
1060, 25284
1061, 25927
1062, 21620
1063, 29814
1064, 22723
1065, 23248
1066, 25485
1067, 24700
1068, 26528
1069, 26569
1070, 27709
1071, 20511
1072, 31775
1073, 26033
1074, 26424
1075, 28122
1076, 20211
1077, 28635
1078, 25138
1079, 25664
1080, 26148
1081, 24413
1082, 31318
1083, 33888
1084, 33476
1085, 31059
1086, 22581
1087, 31260
1088, 28408
1089, 25877
1090, 26227
1091, 24526
1092, 23111
1093, 28666
1094, 22579
1095, 30367
1096, 27045
1097, 35094
1098, 36516
1099, 32879
1100, 25431
1101, 24439
1102, 22528
1103, 28400
1104, 29205
1105, 28774
1106, 27847
1107, 26662
1108, 22166
1109, 28746
1110, 28410
1111, 24811
1112, 29911
1113, 40009
1114, 23746
1115, 27356
1116, 27400
1117, 24122
1118, 25548
1119, 29131
1120, 21987
1121, 23492
1122, 23796
1123, 22417
1124, 24939
1125, 25837
1126, 32678
1127, 28328
1128, 27355
1129, 27473
1130, 31034
1131, 26170
1132, 31356
1133, 26138
1134, 27110
1135, 26358
1136, 49304
1137, 21634
1138, 27374
1139, 26417
1140, 28451
1141, 30396
1142, 26778
1143, 32340
1144, 22044
1145, 25019
1146, 40280
1147, 36638
1148, 27799
1149, 27949
1150, 35806
1151, 31924
1152, 24281
1153, 24222
1154, 23780
1155, 37282
1156, 27676
1157, 31828
1158, 32172
1159, 23541
1160, 29179
1161, 24428
1162, 28149
1163, 29619
1164, 28200
1165, 22517
1166, 24713
1167, 26906
1168, 28512
1169, 24669
1170, 22826
1171, 28958
1172, 24580
1173, 23617
1174, 30212
1175, 20420
1176, 30529
1177, 25041
1178, 18726
1179, 29805
1180, 26760
1181, 25676
1182, 24096
1183, 24167
1184, 29506
1185, 27287
1186, 23770
1187, 29817
1188, 22343
1189, 28697
1190, 18713
1191, 30440
1192, 24278
1193, 36679
1194, 37240
1195, 30116
1196, 28731
1197, 29010
1198, 28410
1199, 29301
1200, 22490
1201, 25013
1202, 25858
1203, 27103
1204, 34565
1205, 45186
1206, 36026
1207, 31448
1208, 27562
1209, 20525
1210, 28060
1211, 28439
1212, 25862
1213, 31681
1214, 23182
1215, 25572
1216, 26127
1217, 26842
1218, 23614
1219, 26912
1220, 24029
1221, 27696
1222, 31667
1223, 22203
1224, 24261
1225, 24481
1226, 21739
1227, 26355
1228, 25537
1229, 32655
1230, 24760
1231, 27575
1232, 35544
1233, 27481
1234, 27302
1235, 30143
1236, 26113
1237, 28780
1238, 25753
1239, 23191
1240, 30472
1241, 21808
1242, 27739
1243, 27959
1244, 26370
1245, 19864
1246, 25450
1247, 23243
1248, 31102
1249, 31065
1250, 26359
1251, 26133
1252, 24953
1253, 29475
1254, 32668
1255, 41347
1256, 25972
1257, 31412
1258, 26279
1259, 26319
1260, 20885
1261, 26579
1262, 31236
1263, 25808
1264, 25461
1265, 21876
1266, 28298
1267, 22934
1268, 27962
1269, 27255
1270, 22776
1271, 26296
1272, 29734
1273, 32781
1274, 40406
1275, 26380
1276, 27780
1277, 26825
1278, 26044
1279, 26847
1280, 31199
1281, 42041
1282, 39987
1283, 25005
1284, 26806
1285, 26650
1286, 28548
1287, 31602
1288, 25848
1289, 25010
1290, 31269
1291, 24160
1292, 27247
1293, 21894
1294, 27793
1295, 32278
1296, 25222
1297, 21732
1298, 25548
1299, 26722
1300, 27409
1301, 26012
1302, 23118
1303, 24382
1304, 28096
1305, 26463
1306, 17970
1307, 37323
1308, 26435
1309, 31789
1310, 29109
1311, 30500
1312, 23576
1313, 21350
1314, 23374
1315, 29312
1316, 28672
1317, 29155
1318, 23827
1319, 25513
1320, 24108
1321, 26508
1322, 30333
1323, 23663
1324, 33326
1325, 32867
1326, 27215
1327, 27861
1328, 25292
1329, 27116
1330, 27002
1331, 26444
1332, 31463
1333, 26555
1334, 22672
1335, 27431
1336, 24950
1337, 33163
1338, 32509
1339, 26257
1340, 30447
1341, 35291
1342, 33485
1343, 26468
1344, 24975
1345, 22997
1346, 29923
1347, 24618
1348, 33564
1349, 26071
1350, 27859
1351, 31084
1352, 31745
1353, 43594
1354, 27118
1355, 26803
1356, 28695
1357, 29013
1358, 26908
1359, 29654
1360, 24904
1361, 28469
1362, 32277
1363, 20877
1364, 26870
1365, 28916
1366, 27486
1367, 23141
1368, 28803
1369, 30751
1370, 29998
1371, 28087
1372, 38409
1373, 40666
1374, 28677
1375, 32657
1376, 29276
1377, 31590
1378, 24963
1379, 22817
1380, 27389
1381, 29483
1382, 33284
1383, 32677
1384, 22887
1385, 31896
1386, 28106
1387, 32753
1388, 28566
1389, 31055
1390, 24098
1391, 33192
1392, 35090
1393, 31611
1394, 29018
1395, 30068
1396, 25915
1397, 28202
1398, 35490
1399, 25438
1400, 28286
1401, 24084
1402, 23381
1403, 28143
1404, 26692
1405, 32485
1406, 32410
1407, 28338
1408, 26694
1409, 24897
1410, 24919
1411, 33013
1412, 28317
1413, 29368
1414, 24544
1415, 27206
1416, 29971
1417, 28222
1418, 32607
1419, 29925
1420, 29159
1421, 30547
1422, 26122
1423, 25521
1424, 24014
1425, 26243
1426, 26904
1427, 27134
1428, 18321
1429, 26177
1430, 27492
1431, 28100
1432, 25099
1433, 31549
1434, 28190
1435, 26127
1436, 29155
1437, 28313
1438, 29301
1439, 37702
1440, 30216
1441, 29852
1442, 28676
1443, 20915
1444, 35638
1445, 42210
1446, 29556
1447, 24842
1448, 30154
1449, 30497
1450, 26258
1451, 25540
1452, 24337
1453, 22018
1454, 29221
1455, 30433
1456, 25138
1457, 49450
1458, 32857
1459, 26386
1460, 25391
1461, 27370
1462, 22716
1463, 25588
1464, 27625
1465, 25703
1466, 25315
1467, 24954
1468, 23006
1469, 25482
1470, 28981
1471, 24889
1472, 28670
1473, 49193
1474, 30656
1475, 26668
1476, 23587
1477, 24157
1478, 31375
1479, 27340
1480, 29172
1481, 27405
1482, 26354
1483, 29816
1484, 45909
1485, 34896
1486, 24697
1487, 33806
1488, 24591
1489, 28335
1490, 29309
1491, 28129
1492, 26999
1493, 25970
1494, 26895
1495, 27764
1496, 25196
1497, 28579
1498, 22619
1499, 30786
1500, 26299
1501, 23665
1502, 22424
1503, 26681
1504, 28736
1505, 39065
1506, 45526
1507, 27725
1508, 28174
1509, 26057
1510, 27882
1511, 31312
1512, 26974
1513, 38721
1514, 27688
1515, 29510
1516, 26932
1517, 33159
1518, 36955
1519, 29121
1520, 29141
1521, 22263
1522, 25152
1523, 27897
1524, 24779
1525, 33477
1526, 32163
1527, 26041
1528, 26652
1529, 36021
1530, 32732
1531, 30045
1532, 29294
1533, 28949
1534, 25306
1535, 26788
1536, 18932
1537, 24296
1538, 28348
1539, 25050
1540, 24062
1541, 25982
1542, 28439
1543, 31832
1544, 32573
1545, 26834
1546, 37091
1547, 32899
1548, 29378
1549, 24645
1550, 27100
1551, 23729
1552, 26924
1553, 44930
1554, 33749
1555, 25274
1556, 26291
1557, 25618
1558, 28563
1559, 21793
1560, 35128
1561, 23315
1562, 30286
1563, 28064
1564, 26709
1565, 24474
1566, 23462
1567, 32373
1568, 28920
1569, 30687
1570, 23073
1571, 27908
1572, 25520
1573, 28205
1574, 25788
1575, 28357
1576, 27223
1577, 23120
1578, 28832
1579, 23574
1580, 25873
1581, 27005
1582, 25541
1583, 28071
1584, 30687
1585, 29355
1586, 34102
1587, 39721
1588, 27235
1589, 27453
1590, 26422
1591, 24851
1592, 25672
1593, 27632
1594, 26816
1595, 33028
1596, 24058
1597, 23404
1598, 32178
1599, 26899
1600, 27516
1601, 32564
1602, 28092
1603, 29618
1604, 27022
1605, 24800
1606, 27930
1607, 26010
1608, 30048
1609, 34123
1610, 25311
1611, 22795
1612, 26998
1613, 27525
1614, 28074
1615, 22328
1616, 33339
1617, 28261
1618, 28161
1619, 27527
1620, 25399
1621, 28775
1622, 29143
1623, 28379
1624, 22718
1625, 23112
1626, 28751
1627, 24687
1628, 28323
1629, 28431
1630, 17835
1631, 31120
1632, 26738
1633, 32396
1634, 31848
1635, 31615
1636, 26132
1637, 25826
1638, 24427
1639, 46092
1640, 35808
1641, 22965
1642, 30771
1643, 26778
1644, 26029
1645, 28214
1646, 31096
1647, 30209
1648, 29362
1649, 28447
1650, 26040
1651, 29930
1652, 27830
1653, 23503
1654, 25122
1655, 28148
1656, 28390
1657, 43860
1658, 27520
1659, 25111
1660, 24230
1661, 30745
1662, 32208
1663, 33442
1664, 26740
1665, 29675
1666, 30660
1667, 28062
1668, 34559
1669, 20162
1670, 26415
1671, 29671
1672, 27257
1673, 31989
1674, 26985
1675, 19998
1676, 28319
1677, 27627
1678, 27014
1679, 30634
1680, 28378
1681, 28225
1682, 23258
1683, 24934
1684, 30453
1685, 32816
1686, 25724
1687, 29924
1688, 21958
1689, 27744
1690, 28587
1691, 21251
1692, 22260
1693, 30776
1694, 25423
1695, 27235
1696, 26151
1697, 28448
1698, 26864
1699, 29280
1700, 31342
1701, 29817
1702, 30111
1703, 31525
1704, 36537
1705, 21940
1706, 29941
1707, 25731
1708, 31685
1709, 28594
1710, 28836
1711, 20890
1712, 28357
1713, 24003
1714, 24834
1715, 28871
1716, 22589
1717, 25832
1718, 22770
1719, 31128
1720, 26527
1721, 27813
1722, 32289
1723, 19907
1724, 31683
1725, 28994
1726, 27621
1727, 31350
1728, 31391
1729, 22950
1730, 31907
1731, 31497
1732, 22583
1733, 25930
1734, 28674
1735, 22909
1736, 23391
1737, 30500
1738, 21575
1739, 29357
1740, 26879
1741, 24601
1742, 31173
1743, 29948
1744, 30420
1745, 25143
1746, 30770
1747, 26428
1748, 26804
1749, 28882
1750, 32514
1751, 43757
1752, 35795
1753, 24627
1754, 28954
1755, 49762
1756, 35200
1757, 30516
1758, 28424
1759, 24882
1760, 27597
1761, 26809
1762, 22197
1763, 34224
1764, 24519
1765, 29512
1766, 30341
1767, 32751
1768, 22922
1769, 21593
1770, 27968
1771, 30985
1772, 31208
1773, 28875
1774, 21617
1775, 24652
1776, 30081
1777, 22674
1778, 37626
1779, 27439
1780, 34621
1781, 36098
1782, 27626
1783, 31237
1784, 26856
1785, 36783
1786, 28542
1787, 26928
1788, 25943
1789, 40575
1790, 41518
1791, 25265
1792, 23392
1793, 28308
1794, 25083
1795, 20548
1796, 29833
1797, 20675
1798, 29638
1799, 27818
1800, 22387
1801, 27872
1802, 31003
1803, 34330
1804, 40659
1805, 29651
1806, 27625
1807, 28501
1808, 23329
1809, 28931
1810, 30104
1811, 48064
1812, 38773
1813, 28027
1814, 30449
1815, 29976
1816, 39463
1817, 28172
1818, 27461
1819, 26782
1820, 28192
1821, 18934
1822, 32940
1823, 25632
1824, 27751
1825, 28914
1826, 30401
1827, 26989
1828, 22640
1829, 23948
1830, 26144
1831, 25063
1832, 26485
1833, 30850
1834, 25738
1835, 29671
1836, 27273
1837, 24753
1838, 28387
1839, 25968
1840, 30933
1841, 25055
1842, 23342
1843, 27562
1844, 29033
1845, 28833
1846, 26295
1847, 28158
1848, 26145
1849, 31385
1850, 27231
1851, 25560
1852, 31497
1853, 22127
1854, 33528
1855, 38425
1856, 44584
1857, 28996
1858, 26428
1859, 25844
1860, 36387
1861, 32019
1862, 23518
1863, 27865
1864, 26205
1865, 31529
1866, 60586
1867, 36659
1868, 31581
1869, 27749
1870, 29390
1871, 21593
1872, 26914
1873, 29699
1874, 27713
1875, 28587
1876, 34150
1877, 49031
1878, 35011
1879, 25921
1880, 29586
1881, 27129
1882, 34454
1883, 28730
1884, 24815
1885, 31440
1886, 48964
1887, 27414
1888, 23913
1889, 32313
1890, 25680
1891, 25112
1892, 31151
1893, 27719
1894, 29917
1895, 24783
1896, 25852
1897, 29584
1898, 20754
1899, 29942
1900, 23682
1901, 22429
1902, 28341
1903, 26489
1904, 29410
1905, 28991
1906, 24752
1907, 28409
1908, 26085
1909, 29197
1910, 23866
1911, 29259
1912, 30762
1913, 35055
1914, 39702
1915, 30796
1916, 28497
1917, 26540
1918, 32017
1919, 25896
1920, 21877
1921, 35586
1922, 24059
1923, 38855
1924, 24371
1925, 29852
1926, 24738
1927, 23826
1928, 26484
1929, 25787
1930, 27627
1931, 26279
1932, 18569
1933, 25817
1934, 27448
1935, 28327
1936, 23581
1937, 24783
1938, 26459
1939, 26822
1940, 28073
1941, 24005
1942, 28064
1943, 26967
1944, 26932
1945, 32156
1946, 41521
1947, 36743
1948, 24288
1949, 25240
1950, 34784
1951, 32578
1952, 40954
1953, 28340
1954, 23918
1955, 30875
1956, 28566
1957, 32131
1958, 23327
1959, 28817
1960, 22631
1961, 27422
1962, 29402
1963, 36071
1964, 36804
1965, 34866
1966, 24537
1967, 27145
1968, 27077
1969, 29767
1970, 30560
1971, 25598
1972, 32967
1973, 44243
1974, 35442
1975, 30812
1976, 28897
1977, 31022
1978, 29302
1979, 29351
1980, 25781
1981, 22104
1982, 23969
1983, 28015
1984, 30273
1985, 26801
1986, 28581
1987, 29695
1988, 23476
1989, 23057
1990, 28780
1991, 24691
1992, 25473
1993, 25231
1994, 37298
1995, 31844
1996, 27012
1997, 27271
1998, 24980
1999, 29961
2000, 27211
2001, 23819
2002, 31206
2003, 29701
2004, 32389
2005, 28616
2006, 28846
2007, 29713
2008, 22505
2009, 29411
2010, 29418
2011, 25790
2012, 31482
2013, 43691
2014, 40395
2015, 25550
2016, 28131
2017, 28160
2018, 27967
2019, 26534
2020, 24285
2021, 26942
2022, 35206
2023, 23871
2024, 29355
2025, 26818
2026, 28190
2027, 24710
2028, 32963
2029, 30614
2030, 28936
2031, 21954
2032, 31197
2033, 28891
2034, 28257
2035, 29590
2036, 29062
2037, 31557
2038, 21328
2039, 24647
2040, 28868
2041, 26896
2042, 32260
2043, 25119
2044, 31511
2045, 25253
2046, 27268
2047, 33684
2048, 37073
2049, 28713
2050, 30148
2051, 27094
2052, 27571
2053, 30102
2054, 28719
2055, 33512
2056, 24129
2057, 30996
2058, 32046
2059, 24833
2060, 32285
2061, 27547
2062, 25755
2063, 23299
2064, 33630
2065, 37057
2066, 21703
2067, 27026
2068, 32445
2069, 34394
2070, 26758
2071, 22670
2072, 24368
2073, 32298
2074, 27714
2075, 25489
2076, 24076
2077, 28794
2078, 22361
2079, 31647
2080, 24855
2081, 30299
2082, 28339
2083, 28686
2084, 36065
2085, 49115
2086, 33354
2087, 31368
2088, 25596
2089, 26478
2090, 26079
2091, 28113
2092, 28317
2093, 21089
2094, 36376
2095, 36566
2096, 34397
2097, 24000
2098, 30600
2099, 30590
2100, 32584
2101, 53431
2102, 30978
2103, 29946
2104, 33962
2105, 30455
2106, 27745
2107, 25000
2108, 23211
2109, 24097
2110, 29667
2111, 25895
2112, 30700
2113, 29053
2114, 30330
2115, 30004
2116, 28391
2117, 28219
2118, 44486
2119, 34921
2120, 24273
2121, 34310
2122, 26387
2123, 24133
2124, 25895
2125, 31232
2126, 27385
2127, 29788
2128, 25092
2129, 33926
2130, 26184
2131, 26285
2132, 27929
2133, 31958
2134, 53113
2135, 34188
2136, 24973
2137, 27711
2138, 28650
2139, 25279
2140, 25773
2141, 33667
2142, 37421
2143, 28869
2144, 28131
2145, 31851
2146, 27210
2147, 26947
2148, 24691
2149, 27386
2150, 23283
2151, 23707
2152, 22707
2153, 27269
2154, 30704
2155, 30584
2156, 22632
2157, 26251
2158, 30545
2159, 29717
2160, 40033
2161, 35789
2162, 35764
2163, 24724
2164, 38627
2165, 24026
2166, 24299
2167, 23915
2168, 28612
2169, 53789
2170, 34817
2171, 27208
2172, 33567
2173, 28230
2174, 28442
2175, 30393
2176, 31231
2177, 30470
2178, 37574
2179, 38897
2180, 29945
2181, 34508
2182, 29511
2183, 30350
2184, 28792
2185, 34080
2186, 47065
2187, 33967
2188, 20889
2189, 29638
2190, 25728
2191, 27476
2192, 25080
2193, 30598
2194, 25623
2195, 27629
2196, 27232
2197, 21964
2198, 29449
2199, 26639
2200, 25652
2201, 31237
2202, 26976
2203, 31045
2204, 27800
2205, 25871
2206, 30363
2207, 23607
2208, 32879
2209, 27701
2210, 32111
2211, 32059
2212, 29657
2213, 27814
2214, 22970
2215, 23035
2216, 28773
2217, 30707
2218, 26889
2219, 28368
2220, 22476
2221, 29717
2222, 30753
2223, 28666
2224, 23987
2225, 23195
2226, 25541
2227, 29596
2228, 25780
2229, 33837
2230, 25252
2231, 30916
2232, 25940
2233, 28036
2234, 25851
2235, 31974
2236, 46414
2237, 32490
2238, 27441
2239, 26670
2240, 35446
2241, 30626
2242, 26449
2243, 27002
2244, 25526
2245, 26455
2246, 28165
2247, 26326
2248, 30525
2249, 30735
2250, 26801
2251, 28864
2252, 36674
2253, 23848
2254, 33017
2255, 21456
2256, 26245
2257, 30281
2258, 25603
2259, 41290
2260, 35724
2261, 28206
2262, 29438
2263, 26817
2264, 32963
2265, 21635
2266, 31668
2267, 34463
2268, 35440
2269, 33635
2270, 28882
2271, 29867
2272, 28001
2273, 27388
2274, 28842
2275, 45896
2276, 30912
2277, 28140
2278, 28929
2279, 32005
2280, 30069
2281, 28092
2282, 29122
2283, 29439
2284, 27875
2285, 35837
2286, 27167
2287, 26028
2288, 30340
2289, 28224
2290, 27813
2291, 28574
2292, 27740
2293, 24909
2294, 33255
2295, 26655
2296, 27365
2297, 23075
2298, 28713
2299, 27290
2300, 26455
2301, 27970
2302, 31268
2303, 38026
2304, 38599
2305, 26407
2306, 40142
2307, 20857
2308, 30736
2309, 33257
2310, 33873
2311, 25633
2312, 33104
2313, 24034
2314, 22761
2315, 31405
2316, 28562
2317, 26058
2318, 29198
2319, 25510
2320, 31425
2321, 29255
2322, 24933
2323, 31424
2324, 24393
2325, 34610
2326, 30887
2327, 28886
2328, 27357
2329, 25242
2330, 31102
2331, 26234
2332, 32227
2333, 29361
2334, 29062
2335, 28099
2336, 24412
2337, 29566
2338, 32007
2339, 29515
2340, 27789
2341, 29205
2342, 32530
2343, 33371
2344, 25740
2345, 28577
2346, 29815
2347, 26036
2348, 28717
2349, 39360
2350, 41425
2351, 33078
2352, 24701
2353, 27867
2354, 30395
2355, 24623
2356, 28393
2357, 28103
2358, 26122
2359, 27496
2360, 47240
2361, 26090
2362, 29630
2363, 27588
2364, 27255
2365, 25326
2366, 32152
2367, 28660
2368, 31656
2369, 22455
2370, 32531
2371, 27147
2372, 28419
2373, 31284
2374, 27547
2375, 31116
2376, 26207
2377, 23955
2378, 26207
2379, 26492
2380, 30243
2381, 28345
2382, 36660
2383, 29360
2384, 36355
2385, 24426
2386, 23125
2387, 28435
2388, 24198
2389, 29725
2390, 32147
2391, 23640
2392, 32956
2393, 27442
2394, 26947
2395, 26824
2396, 25834
2397, 28547
2398, 34186
2399, 32394
2400, 29071
2401, 24351
2402, 27821
2403, 24003
2404, 28092
2405, 34680
2406, 30976
2407, 41700
2408, 26479
2409, 32073
2410, 26762
2411, 31863
2412, 54113
2413, 29218
2414, 25679
2415, 33506
2416, 53268
2417, 33257
2418, 32277
2419, 26290
2420, 29192
2421, 29544
2422, 28996
2423, 23705
2424, 28457
2425, 24319
2426, 29886
2427, 32710
2428, 25707
2429, 23948
2430, 28940
2431, 33439
2432, 34227
2433, 25920
2434, 35456
2435, 25024
2436, 30584
2437, 27070
2438, 28446
2439, 27454
2440, 34972
2441, 28594
2442, 29124
2443, 26561
2444, 28734
2445, 29976
2446, 27188
2447, 24244
2448, 29266
2449, 24415
2450, 25795
2451, 25717
2452, 31316
2453, 26808
2454, 23907
2455, 28686
2456, 22707
2457, 33179
2458, 36924
2459, 29933
2460, 39338
2461, 34506
2462, 24413
2463, 33896
2464, 27463
2465, 25547
2466, 28378
2467, 32487
2468, 25208
2469, 27825
2470, 36030
2471, 25687
2472, 30525
2473, 33525
2474, 30021
2475, 36871
2476, 21905
2477, 29181
2478, 30410
2479, 27951
2480, 33014
2481, 28351
2482, 27707
2483, 27355
2484, 25141
2485, 28030
2486, 28555
2487, 24289
2488, 29417
2489, 25171
2490, 37413
2491, 27805
2492, 35539
2493, 23269
2494, 30328
2495, 25841
2496, 34987
2497, 30708
2498, 36775
2499, 30099
2500, 34925
2501, 28811
2502, 29479
2503, 25177
2504, 31201
2505, 26614
2506, 32188
2507, 24264
2508, 40396
2509, 39530
2510, 37912
2511, 30714
2512, 25933
2513, 29383
2514, 30853
2515, 25102
2516, 25454
2517, 25661
2518, 27362
2519, 49719
2520, 30025
2521, 24201
2522, 29863
2523, 28140
2524, 33964
2525, 34592
2526, 21171
2527, 30437
2528, 27379
2529, 36690
2530, 43683
2531, 45100
2532, 44179
2533, 35754
2534, 28265
2535, 26501
2536, 25097
2537, 26677
2538, 29000
2539, 26767
2540, 23745
2541, 26404
2542, 27568
2543, 25639
2544, 30877
2545, 30661
2546, 32018
2547, 28058
2548, 32976
2549, 33091
2550, 27097
2551, 28046
2552, 28992
2553, 32938
2554, 28493
2555, 32240
2556, 28217
2557, 52424
2558, 30898
2559, 31030
2560, 25749
2561, 25188
2562, 32072
2563, 28851
2564, 30726
2565, 30519
2566, 29656
2567, 24204
2568, 28201
2569, 33491
2570, 26207
2571, 27621
2572, 32415
2573, 30407
2574, 27077
2575, 28213
2576, 22635
2577, 31030
2578, 28158
2579, 29704
2580, 25753
2581, 28637
2582, 32772
2583, 27335
2584, 28432
2585, 25216
2586, 23640
2587, 31075
2588, 27552
2589, 29257
2590, 39540
2591, 38540
2592, 29914
2593, 27698
2594, 30485
2595, 32470
2596, 30971
2597, 29321
2598, 26246
2599, 27489
2600, 23539
2601, 27768
2602, 24722
2603, 31090
2604, 28661
2605, 27506
2606, 27649
2607, 26725
2608, 30386
2609, 30150
2610, 27840
2611, 29826
2612, 26341
2613, 26763
2614, 43778
2615, 36372
2616, 27538
2617, 35443
2618, 32538
2619, 34372
2620, 46568
2621, 32543
2622, 26513
2623, 30179
2624, 30732
2625, 29959
2626, 28056
2627, 24435
2628, 30829
2629, 29362
2630, 29550
2631, 25138
2632, 30823
2633, 28470
2634, 28828
2635, 30827
2636, 24659
2637, 27424
2638, 26945
2639, 29982
2640, 29696
2641, 27106
2642, 29262
2643, 29488
2644, 29844
2645, 28344
2646, 33328
2647, 31102
2648, 25435
2649, 27128
2650, 27169
2651, 27257
2652, 32003
2653, 24505
2654, 21084
2655, 24456
2656, 24675
2657, 31768
2658, 31596
2659, 31860
2660, 31649
2661, 31902
2662, 30004
2663, 31737
2664, 36505
2665, 45670
2666, 31204
2667, 26371
2668, 33338
2669, 27314
2670, 30060
2671, 28096
2672, 33452
2673, 32177
2674, 33238
2675, 30239
2676, 26521
2677, 29654
2678, 27496
2679, 29497
2680, 28681
2681, 26482
2682, 31344
2683, 28843
2684, 32089
2685, 29511
2686, 28890
2687, 29058
2688, 26975
2689, 29845
2690, 29705
2691, 28316
2692, 31935
2693, 33454
2694, 31029
2695, 26176
2696, 26243
2697, 24493
2698, 42360
2699, 30673
2700, 26526
2701, 32510
2702, 28806
2703, 29231
2704, 29559
2705, 32724
2706, 28222
2707, 27204
2708, 28636
2709, 29565
2710, 29805
2711, 30366
2712, 32206
2713, 27386
2714, 32865
2715, 25968
2716, 25713
2717, 34187
2718, 30000
2719, 25733
2720, 22545
2721, 30696
2722, 30379
2723, 24882
2724, 23365
2725, 27183
2726, 25448
2727, 31938
2728, 28417
2729, 27252
2730, 32101
2731, 30268
2732, 30841
2733, 32637
2734, 21057
2735, 22363
2736, 31466
2737, 26201
2738, 28425
2739, 60269
2740, 30348
2741, 38164
2742, 29447
2743, 29805
2744, 23298
2745, 31108
2746, 27689
2747, 32527
2748, 30304
2749, 24732
2750, 30047
2751, 31112
2752, 28992
2753, 27022
2754, 26938
2755, 34708
2756, 26333
2757, 31720
2758, 27807
2759, 28545
2760, 27048
2761, 30833
2762, 22847
2763, 35441
2764, 24494
2765, 34143
2766, 37430
2767, 42355
2768, 36922
2769, 29905
2770, 28759
2771, 30397
2772, 25275
2773, 27288
2774, 27211
2775, 25810
2776, 31385
2777, 25752
2778, 32887
2779, 31289
2780, 47958
2781, 32654
2782, 30741
2783, 28300
2784, 25369
2785, 29048
2786, 34969
2787, 29775
2788, 34500
2789, 32951
2790, 27420
2791, 31152
2792, 29530
2793, 28425
2794, 28925
2795, 27311
2796, 46528
2797, 52447
2798, 31143
2799, 28361
2800, 27314
2801, 27934
2802, 26731
2803, 27589
2804, 32394
2805, 24942
2806, 40289
2807, 42211
2808, 30304
2809, 26223
2810, 28089
2811, 28286
2812, 30994
2813, 30020
2814, 33171
2815, 25045
2816, 31603
2817, 31679
2818, 28978
2819, 27352
2820, 26493
2821, 26256
2822, 31023
2823, 26853
2824, 27099
2825, 29074
2826, 27446
2827, 25852
2828, 28116
2829, 25763
2830, 28272
2831, 23980
2832, 31328
2833, 26984
2834, 31975
2835, 28828
2836, 26548
2837, 28047
2838, 29213
2839, 24935
2840, 33946
2841, 29095
2842, 29340
2843, 26511
2844, 33503
2845, 28138
2846, 34375
2847, 31180
2848, 28480
2849, 28745
2850, 29971
2851, 32359
2852, 28991
2853, 34638
2854, 25710
2855, 26201
2856, 30763
2857, 30450
2858, 31229
2859, 28749
2860, 29911
2861, 28321
2862, 24702
2863, 37975
2864, 24343
2865, 27096
2866, 28480
2867, 26526
2868, 31091
2869, 29530
2870, 31208
2871, 35868
2872, 28326
2873, 50141
2874, 34364
2875, 31134
2876, 34450
2877, 31077
2878, 28187
2879, 27020
2880, 28328
2881, 31843
2882, 24784
2883, 29627
2884, 33822
2885, 58158
2886, 35192
2887, 39198
2888, 32804
2889, 31029
2890, 31064
2891, 34807
2892, 33496
2893, 25177
2894, 29657
2895, 24843
2896, 32876
2897, 61759
2898, 30314
2899, 34103
2900, 29300
2901, 27120
2902, 35906
2903, 31804
2904, 30748
2905, 24698
2906, 25897
2907, 32258
2908, 30741
2909, 29934
2910, 34342
2911, 33390
2912, 25089
2913, 29878
2914, 27855
2915, 30297
2916, 30365
2917, 29389
2918, 30090
2919, 30109
2920, 29414
2921, 29247
2922, 30544
2923, 33580
2924, 24199
2925, 38723
2926, 30694
2927, 29411
2928, 29962
2929, 25180
2930, 27930
2931, 27105
2932, 29350
2933, 33211
2934, 39599
2935, 50556
2936, 39355
2937, 29801
2938, 29776
2939, 29841
2940, 27575
2941, 29491
2942, 32701
2943, 24707
2944, 26052
2945, 30855
2946, 27629
2947, 32194
2948, 31262
2949, 30076
2950, 28276
2951, 29269
2952, 27450
2953, 35030
2954, 29760
2955, 36248
2956, 30200
2957, 35117
2958, 49275
2959, 32162
2960, 27383
2961, 26576
2962, 31980
2963, 31169
2964, 53317
2965, 39263
2966, 34816
2967, 31893
2968, 30481
2969, 68979
2970, 41878
2971, 27480
2972, 27395
2973, 26323
2974, 29176
2975, 24171
2976, 30348
2977, 32282
2978, 31153
2979, 26730
2980, 36361
2981, 39363
2982, 32406
2983, 29126
2984, 30485
2985, 29979
2986, 30847
2987, 29835
2988, 29881
2989, 29991
2990, 31419
2991, 27073
2992, 29133
2993, 28893
2994, 28089
2995, 26778
2996, 29219
2997, 29949
2998, 26916
2999, 27957
3000, 30138
3001, 33655
3002, 36462
3003, 41481
3004, 34297
3005, 26689
3006, 30725
3007, 31075
3008, 25002
3009, 27015
3010, 29732
3011, 26641
3012, 36234
3013, 35070
3014, 52667
3015, 27934
3016, 29774
3017, 29259
3018, 30260
3019, 35069
3020, 25662
3021, 35910
3022, 43212
3023, 24649
3024, 38291
3025, 63679
3026, 32209
3027, 33264
3028, 30168
3029, 29020
3030, 30024
3031, 30645
3032, 28103
3033, 33423
3034, 27191
3035, 27305
3036, 29526
3037, 33197
3038, 39799
3039, 31356
3040, 32966
3041, 23540
3042, 29469
3043, 26432
3044, 28505
3045, 31393
3046, 25651
3047, 33419
3048, 29024
3049, 32603
3050, 27435
3051, 29375
3052, 25442
3053, 34736
3054, 29448
3055, 30354
3056, 27107
3057, 32715
3058, 30470
3059, 25836
3060, 28400
3061, 31808
3062, 35099
3063, 44413
3064, 35839
3065, 24745
3066, 45864
3067, 34015
3068, 38962
3069, 29084
3070, 25073
3071, 30058
3072, 36083
3073, 32280
3074, 23048
3075, 28559
3076, 27842
3077, 29572
3078, 28817
3079, 37026
3080, 23288
3081, 44750
3082, 44944
3083, 37719
3084, 31351
3085, 26377
3086, 27093
3087, 37210
3088, 31290
3089, 25047
3090, 33767
3091, 62890
3092, 35867
3093, 34522
3094, 32355
3095, 27426
3096, 25319
3097, 31439
3098, 28180
3099, 35598
3100, 49704
3101, 36241
3102, 29291
3103, 30206
3104, 33177
3105, 38067
3106, 34156
3107, 34647
3108, 34259
3109, 28936
3110, 23277
3111, 33657
3112, 30094
3113, 33426
3114, 33935
3115, 28606
3116, 31268
3117, 29903
3118, 23163
3119, 29888
3120, 26433
3121, 27466
3122, 30943
3123, 32698
3124, 31221
3125, 30838
3126, 38790
3127, 56653
3128, 33962
3129, 31669
3130, 26310
3131, 33132
3132, 34673
3133, 32635
3134, 27620
3135, 29325
3136, 26235
3137, 56213
3138, 31827
3139, 29674
3140, 32051
3141, 29195
3142, 29834
3143, 26338
3144, 55606
3145, 38833
3146, 35022
3147, 27109
3148, 44333
3149, 48799
3150, 27020
3151, 31559
3152, 34959
3153, 27857
3154, 30406
3155, 31081
3156, 38176
3157, 31344
3158, 27629
3159, 23810
3160, 27248
3161, 30354
3162, 33345
3163, 25135
3164, 26112
3165, 61707
3166, 33491
3167, 31685
3168, 34241
3169, 26821
3170, 29744
3171, 28948
3172, 27404
3173, 25792
3174, 36980
3175, 23220
3176, 28464
3177, 26868
3178, 28769
3179, 32645
3180, 33095
3181, 28961
3182, 31604
3183, 31031
3184, 24931
3185, 40123
3186, 64311
3187, 25631
3188, 29388
3189, 26653
3190, 33647
3191, 44324
3192, 39612
3193, 30422
3194, 33743
3195, 27435
3196, 31936
3197, 26479
3198, 31790
3199, 30609
3200, 25388
3201, 33881
3202, 28909
3203, 29609
3204, 27560
3205, 36720
3206, 27058
3207, 30382
3208, 31267
3209, 27408
3210, 41891
3211, 51831
3212, 34515
3213, 34793
3214, 32563
3215, 28966
3216, 37837
3217, 33743
3218, 27067
3219, 27873
3220, 28719
3221, 22846
3222, 29520
3223, 30560
3224, 26868
3225, 29860
3226, 28046
3227, 36082
3228, 33388
3229, 30053
3230, 47878
3231, 46978
3232, 31718
3233, 27816
3234, 24552
3235, 32525
3236, 23181
3237, 29795
3238, 29797
3239, 28819
3240, 30342
3241, 32162
3242, 34316
3243, 28642
3244, 33510
3245, 34136
3246, 31746
3247, 28659
3248, 31715
3249, 29010
3250, 32847
3251, 23432
3252, 31154
3253, 29728
3254, 28925
3255, 31580
3256, 26451
3257, 31181
3258, 27747
3259, 30007
3260, 30908
3261, 29613
3262, 24417
3263, 34339
3264, 27141
3265, 26867
3266, 27343
3267, 33037
3268, 28753
3269, 34522
3270, 25233
3271, 40157
3272, 25152
3273, 31870
3274, 32309
3275, 29827
3276, 23232
3277, 32911
3278, 32648
3279, 45438
3280, 52421
3281, 36061
3282, 32875
3283, 32016
3284, 29978
3285, 31730
3286, 26665
3287, 30087
3288, 32522
3289, 26190
3290, 31177
3291, 28173
3292, 26330
3293, 31608
3294, 27907
3295, 24198
3296, 26760
3297, 28517
3298, 28958
3299, 38170
3300, 42420
3301, 52484
3302, 29532
3303, 28136
3304, 25449
3305, 33921
3306, 28621
3307, 30238
3308, 30490
3309, 25980
3310, 33466
3311, 33667
3312, 27782
3313, 30648
3314, 28474
3315, 28468
3316, 34917
3317, 24591
3318, 37562
3319, 30271
3320, 26942
3321, 32395
3322, 30877
3323, 27921
3324, 30891
3325, 32091
3326, 31498
3327, 27511
3328, 27354
3329, 31434
3330, 24856
3331, 35627
3332, 25052
3333, 30730
3334, 36759
3335, 31950
3336, 25120
3337, 30271
3338, 38705
3339, 34796
3340, 36976
3341, 31195
3342, 31878
3343, 21060
3344, 30881
3345, 30900
3346, 28333
3347, 27340
3348, 22311
3349, 30177
3350, 31177
3351, 33916
3352, 26765
3353, 37788
3354, 40851
3355, 33048
3356, 33286
3357, 33333
3358, 28658
3359, 29979
3360, 30705
3361, 26485
3362, 25825
3363, 37581
3364, 26750
3365, 29885
3366, 24906
3367, 38400
3368, 32546
3369, 30830
3370, 33544
3371, 34565
3372, 28335
3373, 30466
3374, 24517
3375, 28935
3376, 32865
3377, 29520
3378, 30587
3379, 47159
3380, 26329
3381, 28070
3382, 38787
3383, 26268
3384, 34962
3385, 31004
3386, 31243
3387, 33746
3388, 27111
3389, 27312
3390, 30516
3391, 30199
3392, 31420
3393, 35129
3394, 36026
3395, 29947
3396, 33035
3397, 28452
3398, 36816
3399, 35885
3400, 35722
3401, 33394
3402, 27826
3403, 28434
3404, 32857
3405, 36689
3406, 28723
3407, 32297
3408, 21967
3409, 31116
3410, 33864
3411, 42106
3412, 31758
3413, 29339
3414, 29744
3415, 42335
3416, 50101
3417, 38136
3418, 29913
3419, 31417
3420, 25262
3421, 30338
3422, 32723
3423, 37624
3424, 24918
3425, 34753
3426, 30039
3427, 50558
3428, 43360
3429, 34045
3430, 24757
3431, 29237
3432, 34895
3433, 27731
3434, 32702
3435, 28465
3436, 30350
3437, 25895
3438, 34515
3439, 37392
3440, 27516
3441, 29661
3442, 29143
3443, 35294
3444, 27885
3445, 30225
3446, 34426
3447, 31701
3448, 61803
3449, 47982
3450, 30891
3451, 32110
3452, 25643
3453, 23951
3454, 38774
3455, 36085
3456, 38230
3457, 36658
3458, 31536
3459, 33859
3460, 29720
3461, 31306
3462, 33580
3463, 32075
3464, 33538
3465, 32956
3466, 31125
3467, 32453
3468, 33182
3469, 33689
3470, 32252
3471, 36860
3472, 35491
3473, 32511
3474, 30355
3475, 49702
3476, 50710
3477, 28033
3478, 30287
3479, 56242
3480, 36862
3481, 41578
3482, 30556
3483, 27733
3484, 27505
3485, 34123
3486, 35289
3487, 33253
3488, 33219
3489, 41571
3490, 48203
3491, 51452
3492, 30872
3493, 27695
3494, 36084
3495, 41189
3496, 38735
3497, 30857
3498, 33450
3499, 33234
3500, 37063
3501, 45582
3502, 31311
3503, 36128
3504, 33361
3505, 35098
3506, 31751
3507, 33072
3508, 39883
3509, 30597
3510, 31610
3511, 29529
3512, 32035
3513, 58433
3514, 35801
3515, 34738
3516, 27171
3517, 29052
3518, 33368
3519, 31290
3520, 23024
3521, 37606
3522, 31519
3523, 32142
3524, 35259
3525, 35912
3526, 32130
3527, 31643
3528, 29714
3529, 31423
3530, 26222
3531, 36182
3532, 31342
3533, 32946
3534, 25362
3535, 30544
3536, 41758
3537, 27692
3538, 35924
3539, 31932
3540, 41114
3541, 63021
3542, 33395
3543, 41761
3544, 31372
3545, 28708
3546, 25691
3547, 35861
3548, 30663
3549, 39002
3550, 28542
3551, 29953
3552, 35216
3553, 30064
3554, 29027
3555, 29776
3556, 29882
3557, 34015
3558, 42153
3559, 30363
3560, 39386
3561, 38361
3562, 26843
3563, 29813
3564, 33204
3565, 51868
3566, 36599
3567, 32916
3568, 31791
3569, 27713
3570, 28871
3571, 27320
3572, 26341
3573, 32189
3574, 33841
3575, 35748
3576, 44382
3577, 36122
3578, 33919
3579, 46984
3580, 25751
3581, 37515
3582, 37754
3583, 36527
3584, 31420
3585, 35972
3586, 37193
3587, 31095
3588, 31872
3589, 29615
3590, 34416
3591, 28021
3592, 36996
3593, 35166
3594, 60430
3595, 46497
3596, 35914
3597, 35119
3598, 39361
3599, 29820
3600, 31993
3601, 51264
3602, 29778
3603, 33324
3604, 35849
3605, 37952
3606, 31413
3607, 29318
3608, 28640
3609, 34657
3610, 29827
3611, 25778
3612, 31357
3613, 29209
3614, 36136
3615, 39796
3616, 27344
3617, 39724
3618, 30746
3619, 30382
3620, 43595
3621, 47076
3622, 37394
3623, 30611
3624, 32828
3625, 28657
3626, 35922
3627, 37370
3628, 35229
3629, 34062
3630, 32404
3631, 43715
3632, 40252
3633, 25735
3634, 41238
3635, 31530
3636, 35105
3637, 28726
3638, 33083
3639, 24046
3640, 29920
3641, 32846
3642, 27398
3643, 31874
3644, 28711
3645, 35567
3646, 30733
3647, 29232
3648, 25630
3649, 37667
3650, 32047
3651, 35594
3652, 26300
3653, 41482
3654, 31824
3655, 26619
3656, 33316
3657, 30624
3658, 42282
3659, 30522
3660, 36589
3661, 30363
3662, 33122
3663, 25102
3664, 30661
3665, 28260
3666, 34710
3667, 37270
3668, 37741
3669, 30793
3670, 36021
3671, 33149
3672, 28025
3673, 32049
3674, 36342
3675, 28856
3676, 36816
3677, 31695
3678, 35406
3679, 32777
3680, 31818
3681, 31350
3682, 44477
3683, 29886
3684, 35797
3685, 30698
3686, 29622
3687, 44665
3688, 31926
3689, 38091
3690, 52503
3691, 20725
3692, 38352
3693, 26983
3694, 48930
3695, 46926
3696, 28097
3697, 40370
3698, 31920
3699, 32558
3700, 32881
3701, 32384
3702, 30811
3703, 27854
3704, 45647
3705, 37691
3706, 34115
3707, 32719
3708, 33143
3709, 45789
3710, 67732
3711, 34806
3712, 31718
3713, 30720
3714, 31864
3715, 31366
3716, 28258
3717, 36289
3718, 34650
3719, 35338
3720, 65908
3721, 34375
3722, 38369
3723, 32836
3724, 22142
3725, 40938
3726, 24008
3727, 34551
3728, 43844
3729, 42538
3730, 43118
3731, 39052
3732, 50115
3733, 55297
3734, 31040
3735, 35311
3736, 30467
3737, 38081
3738, 33255
3739, 26073
3740, 32191
3741, 34401
3742, 31877
3743, 33636
3744, 27407
3745, 35228
3746, 32983
3747, 26392
3748, 31133
3749, 33036
3750, 27394
3751, 34543
3752, 56203
3753, 42141
3754, 33151
3755, 28123
3756, 31806
3757, 23874
3758, 38534
3759, 26638
3760, 54462
3761, 33850
3762, 40709
3763, 26252
3764, 36897
3765, 35096
3766, 30799
3767, 28497
3768, 30050
3769, 56254
3770, 42605
3771, 33817
3772, 45421
3773, 31679
3774, 36691
3775, 32966
3776, 56985
3777, 49928
3778, 37039
3779, 34588
3780, 34334
3781, 43378
3782, 26375
3783, 30811
3784, 29485
3785, 37360
3786, 30518
3787, 35540
3788, 31831
3789, 29883
3790, 49940
3791, 58031
3792, 37131
3793, 34254
3794, 31381
3795, 30990
3796, 29916
3797, 38261
3798, 31060
3799, 31533
3800, 40325
3801, 29739
3802, 31863
3803, 38111
3804, 38353
3805, 33434
3806, 37217
3807, 43565
3808, 26873
3809, 29096
3810, 32514
3811, 31392
3812, 38331
3813, 34679
3814, 31661
3815, 39068
3816, 28920
3817, 31302
3818, 32333
3819, 32065
3820, 27144
3821, 33020
3822, 56140
3823, 43368
3824, 42062
3825, 38659
3826, 27520
3827, 32189
3828, 48632
3829, 40258
3830, 28307
3831, 35884
3832, 34913
3833, 68942
3834, 34105
3835, 33751
3836, 30009
3837, 31785
3838, 28584
3839, 33265
3840, 33038
3841, 28684
3842, 30133
3843, 32370
3844, 41577
3845, 33630
3846, 30314
3847, 37070
3848, 33255
3849, 49028
3850, 58221
3851, 40335
3852, 38197
3853, 36861
3854, 29053
3855, 38294
3856, 33232
3857, 30965
3858, 31962
3859, 29507
3860, 32396
3861, 32831
3862, 31869
3863, 33821
3864, 35656
3865, 28446
3866, 31503
3867, 30942
3868, 35725
3869, 45278
3870, 30188
3871, 43115
3872, 30514
3873, 35001
3874, 29286
3875, 26071
3876, 36759
3877, 36352
3878, 31466
3879, 30270
3880, 32299
3881, 35168
3882, 29218
3883, 29405
3884, 32315
3885, 30094
3886, 37298
3887, 39580
3888, 41695
3889, 60254
3890, 38222
3891, 38949
3892, 28045
3893, 29852
3894, 33154
3895, 24465
3896, 32565
3897, 26012
3898, 35530
3899, 37403
3900, 30682
3901, 34750
3902, 31187
3903, 20401
3904, 30646
3905, 39960
3906, 26979
3907, 33298
3908, 34763
3909, 28652
3910, 30835
3911, 28793
3912, 36952
3913, 30937
3914, 37551
3915, 34910
3916, 35269
3917, 26489
3918, 33967
3919, 34420
3920, 31972
3921, 33963
3922, 28879
3923, 30394
3924, 30452
3925, 28996
3926, 25416
3927, 31049
3928, 35683
3929, 32583
3930, 36391
3931, 35674
3932, 31455
3933, 53929
3934, 37828
3935, 32889
3936, 35812
3937, 51116
3938, 30987
3939, 34743
3940, 32002
3941, 32944
3942, 28422
3943, 38989
3944, 56757
3945, 28551
3946, 30917
3947, 33551
3948, 22818
3949, 36740
3950, 29064
3951, 50741
3952, 36886
3953, 26808
3954, 31323
3955, 35433
3956, 31002
3957, 34482
3958, 38793
3959, 30968
3960, 45921
3961, 26893
3962, 34804
3963, 41931
3964, 47398
3965, 30671
3966, 34572
3967, 27900
3968, 35546
3969, 23521
3970, 36483
3971, 28188
3972, 35069
3973, 27740
3974, 38429
3975, 41589
3976, 29458
3977, 34846
3978, 30265
3979, 31047
3980, 36093
3981, 34659
3982, 55454
3983, 39535
3984, 29240
3985, 34449
3986, 24924
3987, 36199
3988, 30979
3989, 33064
3990, 36483
3991, 40587
3992, 58183
3993, 32874
3994, 36938
3995, 31935
3996, 40628
3997, 25755
3998, 26286
3999, 51504
4000, 51635
4001, 35374
4002, 46571
4003, 33319
4004, 29770
4005, 37097
4006, 24863
4007, 37913
4008, 30201
4009, 31728
4010, 38049
4011, 31843
4012, 32783
4013, 33637
4014, 35031
4015, 31914
4016, 31976
4017, 33496
4018, 35577
4019, 30980
4020, 27591
4021, 41970
4022, 31066
4023, 36084
4024, 34723
4025, 34816
4026, 27842
4027, 56626
4028, 37511
4029, 35196
4030, 35282
4031, 39713
4032, 33706
4033, 41477
4034, 48221
4035, 36714
4036, 31974
4037, 34299
4038, 32893
4039, 31453
4040, 33069
4041, 37079
4042, 27016
4043, 33106
4044, 29191
4045, 31618
4046, 36268
4047, 30032
4048, 36332
4049, 32752
4050, 39238
4051, 25735
4052, 36265
4053, 25991
4054, 32712
4055, 40517
4056, 29223
4057, 29432
4058, 32985
4059, 26252
4060, 35358
4061, 31105
4062, 35364
4063, 34818
4064, 31961
4065, 30601
4066, 34533
4067, 33001
4068, 34456
4069, 28432
4070, 35744
4071, 31225
4072, 36480
4073, 29661
4074, 33706
4075, 30921
4076, 33522
4077, 27233
4078, 45156
4079, 63083
4080, 38307
4081, 34048
4082, 34799
4083, 31220
4084, 39737
4085, 31649
4086, 34488
4087, 27122
4088, 26584
4089, 39332
4090, 30720
4091, 30457
4092, 59798
4093, 47369
4094, 40294
4095, 30900
4096, 28463
4097, 29905
4098, 30587
4099, 30016
4100, 34739
4101, 34566
4102, 29240
4103, 29895
4104, 26486
4105, 31165
4106, 35124
4107, 30727
4108, 37474
4109, 33444
4110, 32151
4111, 25059
4112, 36770
4113, 27949
4114, 34679
4115, 26772
4116, 32432
4117, 27984
4118, 30325
4119, 30245
4120, 31591
4121, 31228
4122, 31699
4123, 31844
4124, 34183
4125, 45687
4126, 31495
4127, 33892
4128, 27740
4129, 46804
4130, 32520
4131, 31502
4132, 33112
4133, 29474
4134, 34991
4135, 29899
4136, 34502
4137, 30645
4138, 27880
4139, 29828
4140, 43737
4141, 33329
4142, 28728
4143, 35140
4144, 31217
4145, 29626
4146, 37959
4147, 34092
4148, 33982
4149, 37889
4150, 21637
4151, 38493
4152, 39675
4153, 34768
4154, 61258
4155, 43411
4156, 29174
4157, 36308
4158, 38252
4159, 33431
4160, 31908
4161, 39678
4162, 34689
4163, 34125
4164, 27869
4165, 36491
4166, 29567
4167, 55771
4168, 41790
4169, 34190
4170, 40328
4171, 37770
4172, 23791
4173, 35910
4174, 36007
4175, 60587
4176, 40873
4177, 35132
4178, 40452
4179, 37000
4180, 30803
4181, 36812
4182, 24997
4183, 34894
4184, 31472
4185, 34129
4186, 31227
4187, 31419
4188, 33605
4189, 33321
4190, 39331
4191, 40172
4192, 35275
4193, 32763
4194, 30746
4195, 27551
4196, 36814
4197, 29469
4198, 36696
4199, 34017
4200, 31763
4201, 32888
4202, 25415
4203, 39373
4204, 34049
4205, 34270
4206, 34372
4207, 33219
4208, 34766
4209, 30724
4210, 56707
4211, 44175
4212, 35031
4213, 30872
4214, 35012
4215, 51731
4216, 40161
4217, 40807
4218, 31979
4219, 30300
4220, 32621
4221, 41521
4222, 40383
4223, 27890
4224, 31832
4225, 30123
4226, 33683
4227, 32279
4228, 31928
4229, 31108
4230, 31381
4231, 32283
4232, 37140
4233, 33706
4234, 31781
4235, 35479
4236, 30538
4237, 40258
4238, 31933
4239, 30254
4240, 47933
4241, 63678
4242, 35617
4243, 39507
4244, 39735
4245, 34730
4246, 28600
4247, 35853
4248, 28973
4249, 33130
4250, 33356
4251, 34777
4252, 35712
4253, 31787
4254, 30344
4255, 38081
4256, 37302
4257, 37495
4258, 41094
4259, 60465
4260, 36569
4261, 29489
4262, 32773
4263, 32951
4264, 37818
4265, 34802
4266, 38042
4267, 27085
4268, 35599
4269, 35478
4270, 26496
4271, 41224
4272, 30988
4273, 48358
4274, 57414
4275, 41041
4276, 29208
4277, 34469
4278, 35007
4279, 30377
4280, 34194
4281, 32365
4282, 36119
4283, 27976
4284, 35964
4285, 47024
4286, 47251
4287, 32853
4288, 43572
4289, 29806
4290, 30041
4291, 28889
4292, 33123
4293, 31150
4294, 38026
4295, 59668
4296, 33473
4297, 38622
4298, 47487
4299, 42949
4300, 38798
4301, 34509
4302, 26782
4303, 27688
4304, 32594
4305, 31140
4306, 36155
4307, 33221
4308, 33004
4309, 28196
4310, 31112
4311, 32746
4312, 36622
4313, 29186
4314, 39469
4315, 35738
4316, 31759
4317, 40542
4318, 32110
4319, 26288
4320, 33485
4321, 31056
4322, 31892
4323, 27145
4324, 38422
4325, 36260
4326, 29598
4327, 35680
4328, 30207
4329, 35558
4330, 35669
4331, 30853
4332, 33853
4333, 32314
4334, 31298
4335, 39400
4336, 30449
4337, 35386
4338, 33374
4339, 31452
4340, 35351
4341, 32677
4342, 40540
4343, 45704
4344, 25195
4345, 35811
4346, 28202
4347, 37713
4348, 37584
4349, 28045
4350, 32862
4351, 30064
4352, 38887
4353, 29959
4354, 41045
4355, 62866
4356, 38111
4357, 34614
4358, 41424
4359, 38488
4360, 30451
4361, 55613
4362, 39852
4363, 34545
4364, 32887
4365, 35021
4366, 34001
4367, 35570
4368, 39000
4369, 25727
4370, 31368
4371, 40113
4372, 34714
4373, 67913
4374, 33158
4375, 32227
4376, 32441
4377, 38327
4378, 30097
4379, 32365
4380, 31969
4381, 31846
4382, 42498
4383, 56825
4384, 35990
4385, 40343
4386, 26530
4387, 33453
4388, 27260
4389, 33027
4390, 31165
4391, 29175
4392, 29416
4393, 33598
4394, 36479
4395, 34630
4396, 31972
4397, 39272
4398, 32961
4399, 29080
4400, 31780
4401, 28787
4402, 35525
4403, 34856
4404, 35890
4405, 29779
4406, 32796
4407, 32216
4408, 28182
4409, 46680
4410, 55180
4411, 29879
4412, 37840
4413, 35542
4414, 29815
4415, 32474
4416, 31362
4417, 31010
4418, 33346
4419, 63844
4420, 43198
4421, 32836
4422, 29079
4423, 33346
4424, 29695
4425, 35277
4426, 29075
4427, 28321
4428, 39361
4429, 33429
4430, 31246
4431, 35921
4432, 35050
4433, 34395
4434, 41759
4435, 25309
4436, 32289
4437, 32683
4438, 33203
4439, 35493
4440, 34436
4441, 30835
4442, 33482
4443, 31082
4444, 28756
4445, 33192
4446, 38125
4447, 33721
4448, 38232
4449, 27726
4450, 34947
4451, 34755
4452, 36964
4453, 27064
4454, 35125
4455, 30247
4456, 44550
4457, 31479
4458, 34548
4459, 32395
4460, 29663
4461, 31494
4462, 31005
4463, 34723
4464, 33584
4465, 35514
4466, 35521
4467, 27347
4468, 35045
4469, 30038
4470, 31827
4471, 37113
4472, 36272
4473, 30919
4474, 37904
4475, 60052
4476, 35458
4477, 29108
4478, 30345
4479, 37290
4480, 37487
4481, 33186
4482, 36616
4483, 34781
4484, 42552
4485, 51716
4486, 35339
4487, 31963
4488, 36580
4489, 32873
4490, 33137
4491, 36721
4492, 27796
4493, 33805
4494, 24405
4495, 33007
4496, 35776
4497, 34644
4498, 40074
4499, 79769
4500, 39442
4501, 40081
4502, 41565
4503, 38160
4504, 42788
4505, 31181
4506, 29481
4507, 33873
4508, 28815
4509, 29569
4510, 31358
4511, 29828
4512, 33690
4513, 32200
4514, 32614
4515, 37222
4516, 27192
4517, 35772
4518, 32887
4519, 29070
4520, 36365
4521, 30529
4522, 38879
4523, 46987
4524, 31460
4525, 35877
4526, 30419
4527, 34584
4528, 35117
4529, 33141
4530, 34599
4531, 37937
4532, 31858
4533, 31667
4534, 44047
4535, 39473
4536, 30441
4537, 41492
4538, 51441
4539, 51019
4540, 41755
4541, 30550
4542, 33888
4543, 38353
4544, 31905
4545, 35073
4546, 34854
4547, 27290
4548, 33468
4549, 36511
4550, 29029
4551, 35320
4552, 42524
4553, 39045
4554, 32286
4555, 33986
4556, 28270
4557, 36486
4558, 35169
4559, 31145
4560, 29620
4561, 36842
4562, 30124
4563, 33833
4564, 30753
4565, 31852
4566, 38288
4567, 35422
4568, 31554
4569, 29328
4570, 37859
4571, 31489
4572, 32782
4573, 27725
4574, 32650
4575, 30240
4576, 30350
4577, 29532
4578, 24874
4579, 34856
4580, 57552
4581, 33292
4582, 38298
4583, 30266
4584, 31925
4585, 30104
4586, 35293
4587, 33405
4588, 34064
4589, 39854
4590, 34960
4591, 32563
4592, 69343
4593, 43942
4594, 34850
4595, 38059
4596, 29791
4597, 33373
4598, 30657
4599, 31951
4600, 36008
4601, 28598
4602, 32295
4603, 30020
4604, 38196
4605, 54377
4606, 33311
4607, 26304
4608, 57858
4609, 31201
4610, 39283
4611, 31573
4612, 35225
4613, 31302
4614, 32412
4615, 30969
4616, 33557
4617, 32580
4618, 44892
4619, 58730
4620, 37960
4621, 38298
4622, 34108
4623, 32943
4624, 28629
4625, 37507
4626, 30928
4627, 31504
4628, 31485
4629, 33898
4630, 28026
4631, 37122
4632, 35319
4633, 30311
4634, 33368
4635, 30144
4636, 39711
4637, 29448
4638, 37625
4639, 26725
4640, 42105
4641, 30922
4642, 35712
4643, 40452
4644, 29046
4645, 34954
4646, 31173
4647, 36716
4648, 36430
4649, 32602
4650, 32149
4651, 24546
4652, 41147
4653, 26483
4654, 40132
4655, 57655
4656, 40808
4657, 31079
4658, 44988
4659, 30145
4660, 42520
4661, 24118
4662, 40783
4663, 31250
4664, 27590
4665, 36440
4666, 27083
4667, 36394
4668, 35601
4669, 34137
4670, 36431
4671, 30253
4672, 31916
4673, 30196
4674, 29833
4675, 31851
4676, 38155
4677, 34126
4678, 31502
4679, 35265
4680, 31914
4681, 35237
4682, 31563
4683, 45655
4684, 57798
4685, 37111
4686, 34270
4687, 35696
4688, 32232
4689, 31480
4690, 33544
4691, 50721
4692, 53221
4693, 42581
4694, 32646
4695, 28401
4696, 59837
4697, 41420
4698, 42040
4699, 35929
4700, 42807
4701, 73789
4702, 37497
4703, 33858
4704, 26780
4705, 39591
4706, 37294
4707, 27644
4708, 37374
4709, 39092
4710, 61043
4711, 40872
4712, 35950
4713, 32005
4714, 36392
4715, 29875
4716, 35042
4717, 39492
4718, 32773
4719, 29170
4720, 31049
4721, 37654
4722, 32910
4723, 44262
4724, 33283
4725, 33692
4726, 40019
4727, 32344
4728, 30672
4729, 30772
4730, 34067
4731, 28253
4732, 47604
4733, 60252
4734, 32059
4735, 42625
4736, 56648
4737, 38170
4738, 42243
4739, 28272
4740, 31784
4741, 33039
4742, 36064
4743, 35084
4744, 33499
4745, 35391
4746, 33660
4747, 36989
4748, 36782
4749, 31404
4750, 32399
4751, 40761
4752, 51207
4753, 34111
4754, 49139
4755, 28653
4756, 29283
4757, 35006
4758, 37317
4759, 35043
4760, 33944
4761, 36645
4762, 39352
4763, 48027
4764, 39851
4765, 37753
4766, 29485
4767, 28605
4768, 37567
4769, 31648
4770, 37372
4771, 28424
4772, 30590
4773, 31809
4774, 29495
4775, 34892
4776, 36887
4777, 32074
4778, 35541
4779, 73946
4780, 45997
4781, 37843
4782, 27748
4783, 32779
4784, 33376
4785, 35591
4786, 49881
4787, 46803
4788, 48863
4789, 59680
4790, 39289
4791, 28455
4792, 37589
4793, 37421
4794, 25825
4795, 58311
4796, 39118
4797, 43741
4798, 34409
4799, 44541
4800, 47091
4801, 41662
4802, 34839
4803, 34815
4804, 36407
4805, 37071
4806, 30445
4807, 34284
4808, 30374
4809, 36873
4810, 28363
4811, 44018
4812, 37120
4813, 29265
4814, 33602
4815, 29674
4816, 37183
4817, 34195
4818, 36812
4819, 38511
4820, 31327
4821, 32856
4822, 34568
4823, 33021
4824, 38954
4825, 39632
4826, 33136
4827, 31333
4828, 32155
4829, 26982
4830, 31217
4831, 38048
4832, 36915
4833, 37372
4834, 51841
4835, 37195
4836, 46778
4837, 36501
4838, 31909
4839, 35519
4840, 32153
4841, 38938
4842, 27939
4843, 31597
4844, 28800
4845, 33089
4846, 40736
4847, 32141
4848, 40285
4849, 31995
4850, 36155
4851, 31269
4852, 35245
4853, 38375
4854, 32324
4855, 55492
4856, 37106
4857, 32269
4858, 34733
4859, 36277
4860, 32632
4861, 32222
4862, 35965
4863, 28731
4864, 35689
4865, 35581
4866, 29422
4867, 28584
4868, 32647
4869, 66238
4870, 40022
4871, 31696
4872, 32523
4873, 36215
4874, 30698
4875, 32992
4876, 30040
4877, 37252
4878, 72042
4879, 39089
4880, 34569
4881, 32778
4882, 31536
4883, 37264
4884, 25986
4885, 41444
4886, 57672
4887, 58574
4888, 35037
4889, 33038
4890, 34091
4891, 30613
4892, 40571
4893, 36202
4894, 39867
4895, 57688
4896, 42591
4897, 37784
4898, 34559
4899, 38230
4900, 31639
4901, 31558
4902, 58195
4903, 59912
4904, 36052
4905, 36466
4906, 32486
4907, 33094
4908, 36769
4909, 30518
4910, 36359
4911, 38865
4912, 37057
4913, 24737
4914, 36721
4915, 34811
4916, 53986
4917, 43642
4918, 40247
4919, 35955
4920, 35456
4921, 31473
4922, 30508
4923, 30437
4924, 33352
4925, 31469
4926, 31044
4927, 41421
4928, 45658
4929, 43920
4930, 41930
4931, 30438
4932, 29478
4933, 31566
4934, 34939
4935, 41449
4936, 29153
4937, 32030
4938, 33175
4939, 33682
4940, 61612
4941, 45079
4942, 33575
4943, 33441
4944, 31447
4945, 31087
4946, 34216
4947, 33394
4948, 35136
4949, 31890
4950, 32195
4951, 34491
4952, 33625
4953, 27015
4954, 37558
4955, 39483
4956, 27017
4957, 44315
4958, 48112
4959, 30491
4960, 37083
4961, 31483
4962, 42986
4963, 37893
4964, 54543
4965, 41044
4966, 41741
4967, 32059
4968, 34876
4969, 34274
4970, 32282
4971, 27136
4972, 36448
4973, 32400
4974, 31405
4975, 36513
4976, 37571
4977, 32745
4978, 32480
4979, 33099
4980, 27855
4981, 34339
4982, 31634
4983, 36334
4984, 65759
4985, 38006
4986, 34445
4987, 29407
4988, 38837
4989, 37570
4990, 33911
4991, 36798
4992, 33257
4993, 58812
4994, 47980
4995, 34932
4996, 31343
4997, 43615
4998, 26384
4999, 33178
5000, 27193
5001, 40098
5002, 31739
5003, 33780
5004, 33344
5005, 36063
5006, 65821
5007, 44446
5008, 41882
5009, 42070
5010, 31277
5011, 25170
5012, 35769
5013, 28576
5014, 30896
5015, 32939
5016, 38081
5017, 36164
5018, 34169
5019, 37037
5020, 32081
5021, 32437
5022, 33618
5023, 33430
5024, 48114
5025, 37148
5026, 37119
5027, 39434
5028, 29297
5029, 34664
5030, 32580
5031, 36106
5032, 30886
5033, 34531
5034, 36693
5035, 31021
5036, 33101
5037, 32472
5038, 30467
5039, 34424
5040, 37036
5041, 37463
5042, 32437
5043, 36231
5044, 27444
5045, 31104
5046, 31116
5047, 32824
5048, 36523
5049, 54405
5050, 72229
5051, 43106
5052, 32891
5053, 32912
5054, 27299
5055, 28915
5056, 36874
5057, 71224
5058, 34251
5059, 38659
5060, 44473
5061, 65649
5062, 37317
5063, 31190
5064, 37856
5065, 34482
5066, 38190
5067, 57449
5068, 27613
5069, 37038
5070, 38456
5071, 33111
5072, 40687
5073, 39927
5074, 34091
5075, 29113
5076, 40185
5077, 29930
5078, 30920
5079, 35041
5080, 30926
5081, 34819
5082, 37483
5083, 31755
5084, 28198
5085, 38163
5086, 36612
5087, 32450
5088, 46427
5089, 47890
5090, 38153
5091, 29805
5092, 29529
5093, 35780
5094, 33388
5095, 33891
5096, 38575
5097, 26859
5098, 32883
5099, 38344
5100, 34652
5101, 35080
5102, 66096
5103, 52706
5104, 31230
5105, 37552
5106, 27575
5107, 38491
5108, 27635
5109, 35469
5110, 32916
5111, 38833
5112, 41989
5113, 79090
5114, 45500
5115, 41028
5116, 35218
5117, 31150
5118, 33307
5119, 35883
5120, 36714
5121, 36409
5122, 41443
5123, 28554
5124, 38306
5125, 31461
5126, 31793
5127, 38102
5128, 46411
5129, 30480
5130, 38380
5131, 27789
5132, 26536
5133, 28624
5134, 33848
5135, 28736
5136, 32318
5137, 39016
5138, 36626
5139, 34077
5140, 61082
5141, 49336
5142, 35134
5143, 34764
5144, 30757
5145, 26820
5146, 35536
5147, 30537
5148, 31828
5149, 32873
5150, 44093
5151, 53561
5152, 72530
5153, 40020
5154, 40051
5155, 30024
5156, 31493
5157, 31624
5158, 32292
5159, 39008
5160, 27687
5161, 34761
5162, 32108
5163, 32780
5164, 33892
5165, 33316
5166, 32353
5167, 33422
5168, 38581
5169, 39282
5170, 34803
5171, 33253
5172, 38446
5173, 32352
5174, 35807
5175, 34960
5176, 28114
5177, 38930
5178, 29662
5179, 37619
5180, 68141
5181, 38415
5182, 37833
5183, 31630
5184, 28919
5185, 45254
5186, 59486
5187, 30129
5188, 39024
5189, 33770
5190, 27700
5191, 30036
5192, 28909
5193, 36064
5194, 35862
5195, 35760
5196, 36415
5197, 35460
5198, 31638
5199, 39718
5200, 59504
5201, 44918
5202, 46180
5203, 39439
5204, 40225
5205, 32016
5206, 36247
5207, 34608
5208, 28296
5209, 35481
5210, 42271
5211, 31012
5212, 49794
5213, 59771
5214, 43183
5215, 39747
5216, 38492
5217, 34717
5218, 33543
5219, 31385
5220, 33160
5221, 25539
5222, 35881
5223, 32035
5224, 70441
5225, 39197
5226, 35485
5227, 42672
5228, 54338
5229, 34882
5230, 34234
5231, 31830
5232, 29862
5233, 38452
5234, 35544
5235, 35694
5236, 32999
5237, 36188
5238, 35144
5239, 31517
5240, 35381
5241, 29389
5242, 35104
5243, 36519
5244, 38684
5245, 23192
5246, 40408
5247, 34480
5248, 68286
5249, 41998
5250, 36961
5251, 34371
5252, 32387
5253, 36547
5254, 36306
5255, 36588
5256, 38838
5257, 76708
5258, 32766
5259, 39776
5260, 37139
5261, 31730
5262, 33677
5263, 40726
5264, 36131
5265, 36017
5266, 29733
5267, 33516
5268, 37801
5269, 33841
5270, 30377
5271, 31651
5272, 31752
5273, 53304
5274, 59970
5275, 38850
5276, 37050
5277, 30260
5278, 36542
5279, 32973
5280, 38213
5281, 24992
5282, 37879
5283, 24421
5284, 32665
5285, 60113
5286, 35999
5287, 36410
5288, 39654
5289, 35467
5290, 37185
5291, 36189
5292, 32457
5293, 39033
5294, 28799
5295, 32561
5296, 28622
5297, 35363
5298, 30255
5299, 34003
5300, 36267
5301, 30277
5302, 35095
5303, 36685
5304, 32346
5305, 43034
5306, 67822
5307, 38837
5308, 32977
5309, 33135
5310, 31028
5311, 32503
5312, 32527
5313, 34554
5314, 33134
5315, 34409
5316, 32623
5317, 37038
5318, 29521
5319, 42766
5320, 44953
5321, 51551
5322, 25973
5323, 38223
5324, 37207
5325, 32712
5326, 38944
5327, 31713
5328, 37067
5329, 33607
5330, 34550
5331, 31755
5332, 33552
5333, 29913
5334, 35937
5335, 30958
5336, 30212
5337, 34689
5338, 32907
5339, 27166
5340, 33071
5341, 40041
5342, 28134
5343, 36038
5344, 34026
5345, 33601
5346, 34382
5347, 35259
5348, 30709
5349, 35124
5350, 32300
5351, 25405
5352, 37474
5353, 41616
5354, 69478
5355, 39979
5356, 35730
5357, 34207
5358, 32500
5359, 28809
5360, 32916
5361, 39105
5362, 41413
5363, 35198
5364, 47648
5365, 38323
5366, 32923
5367, 49201
5368, 50052
5369, 41990
5370, 48206
5371, 27329
5372, 32385
5373, 38187
5374, 33427
5375, 38619
5376, 40333
5377, 36009
5378, 36539
5379, 33381
5380, 28861
5381, 37280
5382, 33312
5383, 35419
5384, 44221
5385, 29034
5386, 35511
5387, 31561
5388, 36738
5389, 34928
5390, 43820
5391, 57657
5392, 44622
5393, 31595
5394, 33695
5395, 33745
5396, 32978
5397, 37335
5398, 35675
5399, 27841
5400, 25625
5401, 35479
5402, 33883
5403, 35487
5404, 36732
5405, 32377
5406, 38813
5407, 31974
5408, 33395
5409, 32822
5410, 31333
5411, 32508
5412, 37857
5413, 30249
5414, 27998
5415, 28109
5416, 35473
5417, 70326
5418, 47139
5419, 40851
5420, 32154
5421, 31773
5422, 31866
5423, 33733
5424, 31791
5425, 35557
5426, 35730
5427, 34750
5428, 35076
5429, 35436
5430, 57787
5431, 41244
5432, 31981
5433, 32086
5434, 37986
5435, 29773
5436, 39786
5437, 33120
5438, 43416
5439, 50150
5440, 46692
5441, 35827
5442, 33007
5443, 32539
5444, 34962
5445, 32715
5446, 29754
5447, 31032
5448, 48564
5449, 44395
5450, 35312
5451, 36341
5452, 31459
5453, 32904
5454, 34575
5455, 31401
5456, 37059
5457, 32863
5458, 32020
5459, 33914
5460, 35131
5461, 32153
5462, 35922
5463, 35518
5464, 31514
5465, 35839
5466, 34855
5467, 37539
5468, 35029
5469, 36949
5470, 33724
5471, 36427
5472, 39638
5473, 38987
5474, 31093
5475, 30070
5476, 35913
5477, 43635
5478, 35960
5479, 51578
5480, 37503
5481, 38495
5482, 35705
5483, 32369
5484, 29446
5485, 38080
5486, 36130
5487, 32281
5488, 35336
5489, 38455
5490, 29678
5491, 32627
5492, 38038
5493, 37043
5494, 28650
5495, 35059
5496, 33010
5497, 33032
5498, 36908
5499, 32460
5500, 36846
5501, 33249
5502, 77336
5503, 37444
5504, 46617
5505, 35500
5506, 39668
5507, 33369
5508, 31774
5509, 33083
5510, 35757
5511, 31778
5512, 35880
5513, 29386
5514, 34782
5515, 33653
5516, 39115
5517, 34045
5518, 32508
5519, 56798
5520, 41121
5521, 37089
5522, 38243
5523, 36652
5524, 30596
5525, 36811
5526, 66098
5527, 35596
5528, 39540
5529, 35983
5530, 36945
5531, 33481
5532, 34674
5533, 32902
5534, 30775
5535, 27001
5536, 35863
5537, 35975
5538, 44604
5539, 52602
5540, 53476
5541, 41692
5542, 41685
5543, 36705
5544, 36041
5545, 35294
5546, 67153
5547, 40553
5548, 37144
5549, 37702
5550, 38673
5551, 35901
5552, 34559
5553, 35840
5554, 35667
5555, 42013
5556, 35801
5557, 32505
5558, 32588
5559, 41930
5560, 38338
5561, 35234
5562, 43040
5563, 30304
5564, 32257
5565, 34144
5566, 34889
5567, 31730
5568, 49291
5569, 53551
5570, 40187
5571, 38578
5572, 34181
5573, 38683
5574, 33321
5575, 36943
5576, 37505
5577, 26633
5578, 34661
5579, 45255
5580, 42362
5581, 36277
5582, 34340
5583, 37383
5584, 57755
5585, 36160
5586, 29618
5587, 35679
5588, 34720
5589, 54049
5590, 38849
5591, 33902
5592, 35523
5593, 38775
5594, 36339
5595, 34978
5596, 47269
5597, 33144
5598, 32708
5599, 32179
5600, 35617
5601, 34707
5602, 36434
5603, 34552
5604, 33906
5605, 49324
5606, 81324
5607, 46633
5608, 36970
5609, 37614
5610, 62898
5611, 45529
5612, 39449
5613, 35190
5614, 34670
5615, 38944
5616, 30949
5617, 35631
5618, 37154
5619, 32941
5620, 23825
5621, 30804
5622, 37235
5623, 41295
5624, 37759
5625, 33001
5626, 36002
5627, 34307
5628, 32138
5629, 31276
5630, 31407
5631, 37028
5632, 31633
5633, 33117
5634, 32880
5635, 42242
5636, 36833
5637, 35259
5638, 35690
5639, 37520
5640, 40484
5641, 43355
5642, 36296
5643, 42064
5644, 40584
5645, 34574
5646, 40219
5647, 42397
5648, 29557
5649, 42107
5650, 27715
5651, 42719
5652, 34671
5653, 41733
5654, 42872
5655, 42412
5656, 35182
5657, 64607
5658, 70386
5659, 33040
5660, 36818
5661, 35627
5662, 36017
5663, 34082
5664, 32213
5665, 38389
5666, 32532
5667, 30986
5668, 28577
5669, 40145
5670, 28123
5671, 34483
5672, 43983
5673, 36837
5674, 61435
5675, 41759
5676, 32219
5677, 34559
5678, 28084
5679, 25490
5680, 38153
5681, 32168
5682, 30927
5683, 34270
5684, 40341
5685, 37599
5686, 36487
5687, 42178
5688, 38921
5689, 86384
5690, 36566
5691, 35591
5692, 43347
5693, 32803
5694, 39351
5695, 42196
5696, 33200
5697, 40790
5698, 40537
5699, 35543
5700, 50425
5701, 56975
5702, 43567
5703, 31270
5704, 40653
5705, 62021
5706, 41171
5707, 33142
5708, 35037
5709, 37476
5710, 46506
5711, 58941
5712, 45701
5713, 39648
5714, 32381
5715, 30633
5716, 31863
5717, 34856
5718, 37447
5719, 38932
5720, 33451
5721, 34138
5722, 32028
5723, 30307
5724, 40062
5725, 35979
5726, 34973
5727, 33375
5728, 34781
5729, 34658
5730, 29298
5731, 31581
5732, 29555
5733, 34884
5734, 30832
5735, 41108
5736, 83357
5737, 36668
5738, 34902
5739, 43562
5740, 36784
5741, 36759
5742, 32657
5743, 34133
5744, 32182
5745, 37153
5746, 36444
5747, 38384
5748, 29785
5749, 35982
5750, 39104
5751, 40508
5752, 34696
5753, 37624
5754, 38079
5755, 35856
5756, 35393
5757, 37417
5758, 34768
5759, 34952
5760, 36786
5761, 38127
5762, 32381
5763, 38089
5764, 42799
5765, 35652
5766, 45488
5767, 29506
5768, 40631
5769, 34443
5770, 34188
5771, 37043
5772, 47219
5773, 68679
5774, 40345
5775, 42084
5776, 34706
5777, 40518
5778, 40351
5779, 37233
5780, 34014
5781, 49873
5782, 54990
5783, 35902
5784, 33016
5785, 33549
5786, 31944
5787, 40649
5788, 40447
5789, 36493
5790, 38028
5791, 36467
5792, 42686
5793, 39013
5794, 29274
5795, 47237
5796, 41452
5797, 71117
5798, 53629
5799, 30038
5800, 35803
5801, 36371
5802, 35487
5803, 42919
5804, 42104
5805, 31324
5806, 33032
5807, 34565
5808, 42245
5809, 31600
5810, 35130
5811, 37792
5812, 38179
5813, 42488
5814, 40897
5815, 34440
5816, 40082
5817, 31404
5818, 38760
5819, 52835
5820, 63248
5821, 35959
5822, 44589
5823, 38488
5824, 38571
5825, 28670
5826, 35916
5827, 37028
5828, 38946
5829, 26082
5830, 38252
5831, 34583
5832, 62030
5833, 42769
5834, 41615
5835, 35180
5836, 42879
5837, 36508
5838, 40048
5839, 29296
5840, 35950
5841, 37453
5842, 32827
5843, 33538
5844, 41924
5845, 102126
5846, 84686
5847, 82190
5848, 160692
5849, 100190
5850, 70387
5851, 82281
5852, 84176
5853, 72839
5854, 76430
5855, 87801
5856, 85913
5857, 80435
5858, 75378
5859, 80244
5860, 161019
5861, 86961
5862, 77608
5863, 80889
5864, 76851
5865, 76265
5866, 81886
5867, 176413
5868, 86658
5869, 83345
5870, 77104
5871, 77463
5872, 81710
5873, 79496
5874, 85561
5875, 92144
5876, 136300
5877, 79707
5878, 87491
5879, 79101
5880, 72852
5881, 101559
5882, 75706
5883, 96442
5884, 79823
5885, 94714
5886, 90399
5887, 83055
5888, 76238
5889, 80823
5890, 95032
5891, 92043
5892, 84479
5893, 78668
5894, 82763
5895, 82085
5896, 97084
5897, 150876
5898, 101697
5899, 81211
5900, 81904
5901, 80748
5902, 69601
5903, 71387
5904, 98656
5905, 74221
5906, 86126
5907, 87364
5908, 78942
5909, 92520
5910, 79145
5911, 97599
5912, 79725
5913, 146169
5914, 93064
5915, 82203
5916, 88390
5917, 93245
5918, 77018
5919, 83876
5920, 92883
5921, 83843
5922, 78145
5923, 92397
5924, 83098
5925, 91126
5926, 85053
5927, 103242
5928, 155420
5929, 86514
5930, 77840
5931, 90264
5932, 89979
5933, 73647
5934, 85651
5935, 94083
5936, 146322
5937, 80328
5938, 90458
5939, 74689
5940, 83198
5941, 82097
5942, 85180
5943, 91469
5944, 72924
5945, 93465
5946, 72322
5947, 73319
5948, 64549
5949, 139054
5950, 113391
5951, 87580
5952, 75955
5953, 79533
5954, 88623
5955, 67894
5956, 74021
5957, 93725
5958, 76357
5959, 75308
5960, 77220
5961, 72504
5962, 142464
5963, 123377
5964, 95445
5965, 77407
5966, 77264
5967, 85844
5968, 81226
5969, 70740
5970, 77356
5971, 86577
5972, 91280
5973, 140767
5974, 77923
5975, 95007
5976, 82084
5977, 80863
5978, 77994
5979, 89115
5980, 82327
5981, 87706
5982, 85042
5983, 80253
5984, 79377
5985, 79130
5986, 81136
5987, 104289
5988, 95648
5989, 91463
5990, 72506
5991, 80224
5992, 91658
5993, 73159
5994, 85224
5995, 82694
5996, 76790
5997, 76173
5998, 132303
5999, 110681
6000, 95607
6001, 133833
6002, 76840
6003, 86305
6004, 72684
6005, 92125
6006, 79109
6007, 166244
6008, 82949
6009, 93639
6010, 74269
6011, 105744
6012, 144102
6013, 96154
6014, 83183
6015, 97482
6016, 73097
6017, 81464
6018, 84827
6019, 145628
6020, 75772
6021, 85451
6022, 85513
6023, 76062
6024, 83224
6025, 158771
6026, 84399
6027, 96475
6028, 91768
6029, 161125
6030, 82083
6031, 82045
6032, 82262
6033, 95997
6034, 76843
6035, 75057
6036, 79877
6037, 84259
6038, 166110
6039, 74894
6040, 78224
6041, 104472
6042, 71029
6043, 98117
6044, 80383
6045, 79522
6046, 91420
6047, 81294
6048, 83300
6049, 101230
6050, 81895
6051, 83754
6052, 74747
6053, 193493
6054, 85764
6055, 79109
6056, 91733
6057, 80717
6058, 76674
6059, 160681
6060, 79520
6061, 92194
6062, 127735
6063, 142170
6064, 87192
6065, 81315
6066, 87866
6067, 72511
6068, 74570
6069, 81228
6070, 91323
6071, 95284
6072, 83343
6073, 83522
6074, 76050
6075, 82050
6076, 79841
6077, 90687
6078, 86664
6079, 72179
6080, 76149
6081, 75550
6082, 79056
6083, 93942
6084, 81782
6085, 88324
6086, 73575
6087, 79304
6088, 90887
6089, 62124
6090, 82533
6091, 100235
6092, 82042
6093, 85746
6094, 73038
6095, 77631
6096, 73593
6097, 184075
6098, 87716
6099, 75034
6100, 84840
6101, 79255
6102, 94965
6103, 76219
6104, 79723
6105, 80893
6106, 83480
6107, 75796
6108, 93111
6109, 68310
6110, 74705
6111, 153876
6112, 115664
6113, 92706
6114, 115458
6115, 116548
6116, 144239
6117, 100869
6118, 113735
6119, 100066
6120, 85622
6121, 109061
6122, 111976
6123, 106300
6124, 97657
6125, 113291
6126, 107124
6127, 110920
6128, 94981
6129, 139244
6130, 106462
6131, 111348
6132, 102160
6133, 115242
6134, 96112
6135, 158119
6136, 173792
6137, 118970
6138, 105400
6139, 94535
6140, 95480
6141, 111142
6142, 107033
6143, 97277
6144, 130759
6145, 96029
6146, 91483
6147, 91793
6148, 111059
6149, 117571
6150, 105228
6151, 114067
6152, 107352
6153, 116515
6154, 125337
6155, 108436
6156, 117305
6157, 104822
6158, 99917
6159, 103498
6160, 112628
6161, 108079
6162, 102123
6163, 103484
6164, 115648
6165, 187190
6166, 98587
6167, 93995
6168, 135260
6169, 101817
6170, 91849
6171, 158260
6172, 97379
6173, 111438
6174, 106352
6175, 199714
6176, 125107
6177, 110151
6178, 110039
6179, 115965
6180, 120502
6181, 114135
6182, 156208
6183, 107134
6184, 118409
6185, 101643
6186, 237268
6187, 108465
6188, 98152
6189, 116874
6190, 108914
6191, 114012
6192, 117337
6193, 113559
6194, 93063
6195, 116340
6196, 105459
6197, 106458
6198, 108501
6199, 98084
6200, 114144
6201, 114050
6202, 117174
6203, 116772
6204, 180661
6205, 186360
6206, 131020
6207, 114594
6208, 120146
6209, 114279
6210, 103818
6211, 123345
6212, 94716
6213, 125021
6214, 115057
6215, 97688
6216, 108285
6217, 246442
6218, 112981
6219, 97878
6220, 118067
6221, 109339
6222, 145849
6223, 114638
6224, 173192
6225, 163304
6226, 161640
6227, 137716
6228, 154115
6229, 277586
6230, 164079
6231, 156062
6232, 131504
6233, 133529
6234, 144776
6235, 165662
6236, 153501
6237, 132532
6238, 146913
6239, 133447
6240, 127381
6241, 145072
6242, 184583
6243, 287554
6244, 143401
6245, 224580
6246, 154085
6247, 270478
6248, 168782
6249, 177817
6250, 164187
6251, 137348
6252, 140990
6253, 139251
6254, 103003
6255, 107710
6256, 147240
6257, 133724
6258, 121756
6259, 145973
6260, 137720
6261, 128378
6262, 138671
6263, 154005
6264, 158411
6265, 145751
6266, 156862
6267, 168107
6268, 148297
6269, 179256
6270, 140849
6271, 159548
6272, 133594
6273, 136352
6274, 159594
6275, 152141
6276, 125115
6277, 141767
6278, 129790
6279, 131742
6280, 117822
6281, 153991
6282, 138968
6283, 141700
6284, 167879
6285, 150148
6286, 155164
6287, 144666
6288, 135260
6289, 171173
6290, 121097
6291, 138460
6292, 165545
6293, 167267
6294, 161619
6295, 145649
6296, 155973
6297, 141765
6298, 153279
6299, 141485
6300, 128732
6301, 152674
6302, 186598
6303, 113699
6304, 174107
6305, 112347
6306, 118152
6307, 102890
6308, 98925
6309, 148791
6310, 85696
6311, 84586
6312, 92938
6313, 78786
6314, 80528
6315, 80913
6316, 91310
6317, 70144
6318, 83014
6319, 88183
6320, 83529
6321, 77706
6322, 76059
6323, 86485
6324, 71009
6325, 86094
6326, 68345
6327, 80233
6328, 83834
6329, 76676
6330, 172417
6331, 91641
6332, 78221
6333, 84029
6334, 75197
6335, 87019
6336, 81601
6337, 91590
6338, 83753
6339, 93799
6340, 92120
6341, 117236
6342, 176560
6343, 79514
6344, 84015
6345, 78195
6346, 88004
6347, 79163
6348, 107497
6349, 75428
6350, 83886
6351, 84172
6352, 89322
6353, 74277
6354, 87675
6355, 99375
6356, 84535
6357, 80087
6358, 81733
6359, 76840
6360, 100398
6361, 91512
6362, 93608
6363, 174538
6364, 83270
6365, 80817
6366, 90644
6367, 84245
6368, 87990
6369, 78861
6370, 97944
6371, 84400
6372, 191211
6373, 97527
6374, 90334
6375, 97012
6376, 84768
6377, 90984
6378, 87264
6379, 147134
6380, 119722
6381, 101212
6382, 87702
6383, 99915
6384, 83446
6385, 94413
6386, 79249
6387, 105205
6388, 152075
6389, 85412
6390, 82899
6391, 234849
6392, 111724
6393, 116473
6394, 92973
6395, 94409
6396, 92459
6397, 77835
6398, 85457
6399, 87959
6400, 74606
6401, 74871
6402, 97938
6403, 89021
6404, 142774
6405, 101046
6406, 97172
6407, 89328
6408, 77356
6409, 77759
6410, 98535
6411, 72134
6412, 76385
6413, 78265
6414, 108865
6415, 162029
6416, 91606
6417, 92499
6418, 77135
6419, 95828
6420, 102565
6421, 146585
6422, 103080
6423, 82852
6424, 66836
6425, 88277
6426, 70732
6427, 75781
6428, 100893
6429, 85260
6430, 82729
6431, 77569
6432, 84836
6433, 83103
6434, 81845
6435, 99915
6436, 82147
6437, 86882
6438, 70722
6439, 86684
6440, 94794
6441, 89902
6442, 152722
6443, 78956
6444, 86140
6445, 71355
6446, 76760
6447, 87109
6448, 76379
6449, 76739
6450, 83761
6451, 91707
6452, 66275
6453, 92803
6454, 84098
6455, 91387
6456, 81713
6457, 96873
6458, 106788
6459, 83173
6460, 86114
6461, 79673
6462, 84365
6463, 88550
6464, 80029
6465, 67136
6466, 78456
6467, 74257
6468, 96499
6469, 77978
6470, 110044
6471, 75822
6472, 96159
6473, 103625
